missionProps = missionProps or {}
CarWreck_PureRace21 = {
  Items = {
    {
      group = "PickUp",
      type = "EditorVehicle",
      matrix = vec.matrix(0.16123330593109,0.86968958377838,-0.46652325987816,0,0.38141646981239,-0.49088972806931,-0.78329348564148,0,-0.91023367643356,-0.051646649837494,-0.41086173057556,-0,1104.4095458984,31.72239112854,-4498.1958007813,1),
      damage = 1,
      siren = False
    },
	{
      group = "Police",
      type = "EditorVehicle",
      matrix = vec.matrix(-0.74320310354233,0.00056204485008493,0.6690656542778,0,0.0024319249205291,0.99999535083771,0.0018613598076627,0,-0.66906148195267,0.0030104857869446,-0.74320101737976,-0,1114.5834960938,29.966226577759,-4488.388671875,1),
      damage = 0,
      siren = False
    },
	{
      group = "Police",
      type = "EditorVehicle",
      matrix = vec.matrix(-0.13409513235092,0.0030196378938854,-0.99096393585205,0,-0.0021026299800724,0.99999231100082,0.0033316721674055,0,0.99096637964249,0.0025303915608674,-0.13408775627613,-0,1094.9790039063,29.97114944458,-4498.4296875,1),
      damage = 0,
      siren = False
    }
  }
}
