missionProps = missionProps or {}
CopBlocks_PureRace16 = {
  Items = {
    {
      group = "Police",
      type = "EditorVehicle",
      matrix = vec.matrix(-0.2990475, -0.0339999, -0.9536324, 0, 0.06085707, 0.9966511, -0.05461768, 0, 0.9522957, -0.07436855, -0.2959768, 0, -777.3022, 149.6572, 3992.357, 1),
      damage = 0,
      siren = False
    },
    {
      group = "Police",
      type = "EditorVehicle",
      matrix = vec.matrix(0.7389202, 0.001481377, -0.6737913, 0, 0.02140521, 0.9994413, 0.02567158, 0, 0.6734529, -0.0333919, 0.7384756, 0, -766.1897, 148.1609, 3970.989, 1),
      damage = 0,
      siren = False
    },
    {
      group = "Police",
      type = "EditorVehicle",
      matrix = vec.matrix(0.9438148, -0.2157749, -0.2503099, 0, 0.2322431, 0.9719204, 0.03786686, 0, 0.2351106, -0.09387207, 0.9674251, 0, -333.6215, 78.15645, 4081.48, 1),
      damage = 0,
      siren = False
    },
    {
      group = "Police",
      type = "EditorVehicle",
      matrix = vec.matrix(0.869549, -0.09919522, 0.4837819, 0, 0.1245027, 0.99201, -0.02037806, 0, -0.4778951, 0.07795187, 0.8749514, 0, -315.9625, 73.27256, 4172.923, 1),
      damage = 0,
      siren = False
    },
    {
      group = "Police",
      type = "EditorVehicle",
      matrix = vec.matrix(0.9166489, -0.01840593, 0.3992696, 0, -0.03313567, 0.9920011, 0.1218036, 0, -0.3983177, -0.1248812, 0.9087068, 0, -463.6244, 103.6869, 4388.356, 1),
      damage = 0,
      siren = False
    },
    {
      group = "Police",
      type = "EditorVehicle",
      matrix = vec.matrix(0.9135526, -0.04939544, -0.4037098, 0, 0.08747899, 0.9932301, 0.07643021, 0, 0.3972014, -0.1051392, 0.911689, 0, -472.1841, 104.1184, 4387.624, 1),
      damage = 0,
      siren = False
    },
    {
      group = "Police",
      type = "EditorVehicle",
      matrix = vec.matrix(0.03642313, -0.04175972, 0.9984636, 0, -0.02044863, 0.9988862, 0.04252335, 0, -0.9991272, -0.02196605, 0.03552863, 0, -985.6523, 176.3534, 4441.113, 1),
      damage = 0,
      siren = False
    },
    {
      group = "Police",
      type = "EditorVehicle",
      matrix = vec.matrix(0.7610244, -0.2250616, -0.6084316, 0, 0.3063656, 0.9514, 0.03127408, 0, 0.5718233, -0.2102029, 0.7929898, 0, -1000.87, 178.9681, 4437.162, 1),
      damage = 0,
      siren = False
    },
    {
      group = "Police",
      type = "EditorVehicle",
      matrix = vec.matrix(0.4097423, -0.0964442, 0.9070886, 0, -0.1991121, 0.9609615, 0.1921133, 0, -0.8902054, -0.2593292, 0.3745434, 0, -883.2604, 189.3364, 4283.799, 1),
      damage = 0,
      siren = False
    },
    {
      group = "Police",
      type = "EditorVehicle",
      matrix = vec.matrix(0.8548015, -0.03311408, -0.5178977, 0, 0.02635053, 0.9994444, -0.02041177, 0, 0.5182859, 0.003801132, 0.8551991, 0, -1087.339, 179.8196, 4375.326, 1),
      damage = 0,
      siren = False
    },
    {
      group = "Police",
      type = "EditorVehicle",
      matrix = vec.matrix(-0.7101446, 0.02516569, -0.7036059, 0, 0.01216121, 0.9996504, 0.02348001, 0, 0.7039508, 0.008117503, -0.7102024, 0, -1129.619, 179.8318, 4372.093, 1),
      damage = 0,
      siren = False
    },
    {
      group = "Police",
      type = "EditorVehicle",
      matrix = vec.matrix(-0.728425, 0.03847548, 0.6840444, 0, 0.02439237, 0.9992453, -0.03022966, 0, -0.6846913, -0.005334577, -0.7288138, 0, -1173.326, 180.2822, 4382.249, 1),
      damage = 0,
      siren = False
    },
    {
      group = "Police",
      type = "EditorVehicle",
      matrix = vec.matrix(0.4382292, 0.04864665, -0.897546, 0, 0.01738118, 0.9978891, 0.06257161, 0, 0.8986952, -0.04302112, 0.4364586, 0, -1179.791, 180.2672, 4365.268, 1),
      damage = 0,
      siren = False
    },
    {
      group = "Police",
      type = "EditorVehicle",
      matrix = vec.matrix(0.7774125, -0.01774803, 0.6287405, 0, 0.03023426, 0.9995009, -0.009169636, 0, -0.628264, 0.0261381, 0.7775611, 0, -1368.842, 179.6886, 4267.486, 1),
      damage = 0,
      siren = False
    },
    {
      group = "Police",
      type = "EditorVehicle",
      matrix = vec.matrix(0.9737597, 0.02642129, 0.2260398, 0, -0.03260844, 0.9991877, 0.02368149, 0, -0.2252305, -0.03043089, 0.9738303, 0, -1745.986, 184.573, 4358.843, 1),
      damage = 0,
      siren = False
    },
    {
      group = "Police",
      type = "EditorVehicle",
      matrix = vec.matrix(0.5914862, -0.0320184, -0.8056793, 0, 0.07105801, 0.9973935, 0.01252965, 0, 0.8031781, -0.06466109, 0.5922197, 0, -1756.357, 184.6052, 4362.399, 1),
      damage = 0,
      siren = False
    },
    {
      group = "Police",
      type = "EditorVehicle",
      matrix = vec.matrix(-0.9990001, -0.02913126, -0.03391312, 0, -0.02909126, 0.9995754, -0.001672391, 0, 0.03394744, -0.0006841436, -0.9994234, 0, -1985.25, 185.4977, 4385.785, 1),
      damage = 0,
      siren = False
    },
    {
      group = "Police",
      type = "EditorVehicle",
      matrix = vec.matrix(-0.5346783, -0.0501175, -0.8435682, 0, -0.04846642, 0.9984154, -0.02859773, 0, 0.8436647, 0.02559415, -0.5362601, 0, -2144.33, 184.1121, 4327.425, 1),
      damage = 0,
      siren = False
    },
    {
      group = "Police",
      type = "EditorVehicle",
      matrix = vec.matrix(0.7157376, 0.05822604, -0.6959378, 0, -0.02074914, 0.9978514, 0.06214635, 0, 0.698061, -0.03004037, 0.7154078, 0, -2264.415, 179.7479, 4298.601, 1),
      damage = 0,
      siren = False
    },
    {
      group = "Police",
      type = "EditorVehicle",
      matrix = vec.matrix(-0.759778, -0.07832415, -0.6454476, 0, -0.04072693, 0.9965013, -0.07298297, 0, 0.6489058, -0.02916376, -0.7603098, 0, -2288.228, 179.6699, 4312.495, 1),
      damage = 0,
      siren = False
    },
    {
      group = "Police",
      type = "EditorVehicle",
      matrix = vec.matrix(0.5036958, -0.1323794, -0.8536782, 0, 0.001951002, 0.9883611, -0.1521134, 0, 0.863879, 0.07495335, 0.4980916, 0, -3191.561, 102.4619, 4315.272, 1),
      damage = 0,
      siren = False
    },
    {
      group = "Police",
      type = "EditorVehicle",
      matrix = vec.matrix(0.2083256, -0.1204333, -0.9706165, 0, -0.008545226, 0.992128, -0.1249365, 0, 0.9780223, 0.03432161, 0.2056565, 0, -3195.23, 99.91251, 4297.46, 1),
      damage = 0,
      siren = False
    },
    {
      group = "Police",
      type = "EditorVehicle",
      matrix = vec.matrix(0.5521013, -0.06070952, -0.8315639, 0, -0.06607445, 0.9910232, -0.11622, 0, 0.8311548, 0.1191103, 0.5431339, 0, -3183.23, 100.4381, 4297.95, 1),
      damage = 0,
      siren = False
    },
    {
      group = "Police",
      type = "EditorVehicle",
      matrix = vec.matrix(0.9550645, 0.1738472, 0.2400604, 0, -0.1399587, 0.9784577, -0.151764, 0, -0.2612727, 0.1113458, 0.9588217, 0, -3176.845, 102.9987, 4312.107, 1),
      damage = 0,
      siren = False
    },
    {
      group = "Police",
      type = "EditorVehicle",
      matrix = vec.matrix(-0.2444, -0.03094268, -0.9691807, 0, -0.01843732, 0.9994583, -0.02725997, 0, 0.9694992, 0.01120676, -0.2448381, 0, -3214.413, 98.47322, 4279, 1),
      damage = 0,
      siren = False
    },
    {
      group = "Police",
      type = "EditorVehicle",
      matrix = vec.matrix(0.9915363, 0.0272421, 0.1269397, 0, -0.03175658, 0.9989282, 0.03367665, 0, -0.1258863, -0.03742279, 0.9913387, 0, -3189.198, 98.62186, 4266.239, 1),
      damage = 0,
      siren = False
    },
    {
      group = "Police",
      type = "EditorVehicle",
      matrix = vec.matrix(0.4440783, 0.04545018, -0.8948345, 0, 0.007146189, 0.9985012, 0.05426202, 0, 0.8959595, -0.03049124, 0.4430879, 0, -1145.85, 179.9336, 4364.989, 1),
      damage = 0,
      siren = False
    },
    {
      group = "Police",
      type = "EditorVehicle",
      matrix = vec.matrix(0.2837426, 0.1151685, -0.9519593, 0, 0.1465475, 0.9758908, 0.1617439, 0, 0.9476361, -0.1854008, 0.2600241, 0, -990.9517, 178.1656, 4418.087, 1),
      damage = 0,
      siren = False
    },
    {
      group = "Police",
      type = "EditorVehicle",
      matrix = vec.matrix(0.08420474, -0.06026608, -0.9946244, 0, 0.0347082, 0.997741, -0.05751653, 0, 0.9958439, -0.02967846, 0.08610626, 0, -901.628, 187.9325, 4282.593, 1),
      damage = 0,
      siren = False
    },
    {
      group = "Police",
      type = "EditorVehicle",
      matrix = vec.matrix(-0.7886985, 0.005096099, -0.6147591, 0, 0.02097905, 0.9996064, -0.01862852, 0, 0.6144222, -0.02758935, -0.7884949, 0, -1167.923, 179.9375, 4371.107, 1),
      damage = 0,
      siren = False
    },
    {
      group = "Police",
      type = "EditorVehicle",
      matrix = vec.matrix(0.9649898, -0.02052403, 0.2614831, 0, 0.01361427, 0.9995094, 0.02820959, 0, -0.2619338, -0.02366206, 0.9647958, 0, -2297.47, 179.4816, 4300.188, 1),
      damage = 0,
      siren = False
    },
    {
      name = "Barrier_05",
      low = "1812926976",
      high = "628282216",
      type = "RuntimeProp",
      matrix = vec.matrix(-0.9408775, 0.1435917, 0.3068077, 0, 0.1643444, 0.9854754, 0.04276912, 0, -0.2962102, 0.09066263, -0.9508101, 0, -465.2246, 103.0131, 4397.998, 1)
    },
    {
      name = "Barrier_05",
      low = "1812926976",
      high = "628282216",
      type = "RuntimeProp",
      matrix = vec.matrix(-0.7870156, 0.06791975, 0.613183, 0, 0.101623, 0.9946166, 0.0202628, 0, -0.6085057, 0.07826065, -0.789681, 0, -485.5533, 103.9227, 4397.481, 1)
    },
    {
      name = "Barrier_05",
      low = "1812926976",
      high = "628282216",
      type = "RuntimeProp",
      matrix = vec.matrix(-0.7947341, -0.01778795, 0.606697, 0, 0.00461365, 0.9993646, 0.03534429, 0, -0.6069403, 0.0308884, -0.7941471, 0, -480.7806, 103.8372, 4395.73, 1)
    },
    {
      name = "Barrier_05",
      low = "1812926976",
      high = "628282216",
      type = "RuntimeProp",
      matrix = vec.matrix(-0.9982938, 0.0543318, 0.02139226, 0, 0.05536905, 0.9971463, 0.05131862, 0, -0.01854298, 0.05241553, -0.9984533, 0, -991.0994, 176.5619, 4440.397, 1)
    },
    {
      name = "Barrier_05",
      low = "1812926976",
      high = "628282216",
      type = "RuntimeProp",
      matrix = vec.matrix(-0.9566951, 0.290681, -0.01546357, 0, 0.2902618, 0.9566288, 0.0246879, 0, 0.0219692, 0.01913031, -0.9995757, 0, -995.6751, 177.3006, 4442.996, 1)
    },
    {
      name = "Barrier_05",
      low = "1812926976",
      high = "628282216",
      type = "RuntimeProp",
      matrix = vec.matrix(-0.9538263, -0.01030676, -0.3001822, 0, -0.03574375, 0.9962041, 0.07937079, 0, 0.2982247, 0.08643558, -0.9505742, 0, -983.7687, 177.7029, 4419.858, 1)
    },
    {
      name = "Barrier_05",
      low = "1812926976",
      high = "628282216",
      type = "RuntimeProp",
      matrix = vec.matrix(0.9267525, -0.2759064, 0.2549618, 0, 0.2463399, 0.9587157, 0.1420591, 0, -0.2836309, -0.06884637, 0.956459, 0, -996.5733, 179.7409, 4416.315, 1)
    },
    {
      name = "Barrier_05",
      low = "1812926976",
      high = "628282216",
      type = "RuntimeProp",
      matrix = vec.matrix(-0.7358719, -0.05485323, 0.6748954, 0, -0.03368413, 0.9984448, 0.04442275, 0, -0.6762826, 0.009956185, -0.7365751, 0, -889.5559, 187.9924, 4287.941, 1)
    },
    {
      name = "Barrier_05",
      low = "1812926976",
      high = "628282216",
      type = "RuntimeProp",
      matrix = vec.matrix(-0.7696294, 0.05516374, 0.6361035, 0, 0.06161106, 0.998028, -0.01200635, 0, -0.6355114, 0.02995057, -0.7715105, 0, -892.7291, 187.8463, 4291.659, 1)
    },
    {
      name = "Barrier_05",
      low = "1812926976",
      high = "628282216",
      type = "RuntimeProp",
      matrix = vec.matrix(0.07511855, 0.04480246, 0.9961677, 0, -0.01356017, 0.9989437, -0.04390478, 0, -0.9970824, -0.01021014, 0.07564673, 0, -1088.8, 179.7695, 4368.208, 1)
    },
    {
      name = "Barrier_05",
      low = "1812926976",
      high = "628282216",
      type = "RuntimeProp",
      matrix = vec.matrix(-0.06620453, -0.06644874, 0.9955911, 0, -0.01917254, 0.9976806, 0.06531327, 0, -0.997622, -0.01476398, -0.06732497, 0, -1128.045, 180.1041, 4366.817, 1)
    },
    {
      name = "Barrier_05",
      low = "1812926976",
      high = "628282216",
      type = "RuntimeProp",
      matrix = vec.matrix(0.002822355, 0.03625887, 0.9993385, 0, 0.02439022, 0.9990427, -0.03631702, 0, -0.9996986, 0.02447658, 0.001935291, 0, -1170.973, 180.1159, 4377.062, 1)
    },
    {
      name = "Barrier_05",
      low = "1812926976",
      high = "628282216",
      type = "RuntimeProp",
      matrix = vec.matrix(-0.7708167, 0.03985287, 0.6358092, 0, 0.04289223, 0.9990233, -0.01061938, 0, -0.6356115, 0.01908568, -0.7717732, 0, -1374.449, 180.0001, 4271.789, 1)
    },
    {
      name = "Barrier_05",
      low = "1812926976",
      high = "628282216",
      type = "RuntimeProp",
      matrix = vec.matrix(-0.991892, 0.04895862, 0.1172746, 0, 0.05088048, 0.9986142, 0.0134485, 0, -0.1164536, 0.01930644, -0.9930086, 0, -1751.412, 184.2833, 4392.533, 1)
    },
    {
      name = "Barrier_05",
      low = "1812926976",
      high = "628282216",
      type = "RuntimeProp",
      matrix = vec.matrix(0.9833146, 0.002581266, -0.1818947, 0, -0.004657709, 0.9999288, -0.01098938, 0, 0.1818534, 0.01165323, 0.9832566, 0, -1742.274, 184.2216, 4392.228, 1)
    },
    {
      name = "Barrier_05",
      low = "1812926976",
      high = "628282216",
      type = "RuntimeProp",
      matrix = vec.matrix(0.3138696, 0.05033617, 0.9481308, 0, -0.04961663, 0.9980989, -0.03656385, 0, -0.9481688, -0.03556678, 0.3157704, 0, -1971.959, 185.8239, 4381.255, 1)
    },
    {
      name = "Barrier_05",
      low = "1812926976",
      high = "628282216",
      type = "RuntimeProp",
      matrix = vec.matrix(-0.4115284, 0.01222786, 0.911315, 0, -0.008431593, 0.9998162, -0.01722286, 0, -0.9113581, -0.01477153, -0.4113497, 0, -2137.263, 184.2512, 4325.98, 1)
    },
    {
      name = "Barrier_05",
      low = "1812926976",
      high = "628282216",
      type = "RuntimeProp",
      matrix = vec.matrix(0.1714021, 0.0737557, 0.9824365, 0, -0.01439296, 0.9972749, -0.07235859, 0, -0.9850962, -0.001737753, 0.1719965, 0, -2264.565, 179.7296, 4304.688, 1)
    },
    {
      name = "Barrier_05",
      low = "1812926976",
      high = "628282216",
      type = "RuntimeProp",
      matrix = vec.matrix(0.5539699, -0.009970074, 0.8324772, 0, 0.008053659, 0.9999458, 0.006616455, 0, -0.832498, 0.003039171, 0.5540201, 0, -2292.384, 179.4847, 4307.115, 1)
    },
    {
      name = "Barrier_05",
      low = "1812926976",
      high = "628282216",
      type = "RuntimeProp",
      matrix = vec.matrix(0.2557608, 0.05993042, -0.9648808, 0, 0.01166053, 0.9978129, 0.06506675, 0, 0.96667, -0.02789254, 0.2545025, 0, -2295.062, 179.761, 4293.122, 1)
    },
    {
      name = "Barrier_05",
      low = "1812926976",
      high = "628282216",
      type = "RuntimeProp",
      matrix = vec.matrix(0.9541903, 0.01719805, -0.2987059, 0, -0.07248179, 0.9818962, -0.175004, 0, 0.2902885, 0.1886378, 0.9381624, 0, -3182.216, 103.5539, 4319.366, 1)
    },
    {
      name = "Barrier_05",
      low = "1812926976",
      high = "628282216",
      type = "RuntimeProp",
      matrix = vec.matrix(0.9491326, 0.02644072, -0.3137647, 0, -0.06384081, 0.9919314, -0.109528, 0, 0.308337, 0.1239876, 0.9431625, 0, -3190.189, 99.77008, 4295.469, 1)
    },
    {
      name = "Barrier_05",
      low = "1812926976",
      high = "628282216",
      type = "RuntimeProp",
      matrix = vec.matrix(0.9247705, 0.1395631, -0.3540079, 0, -0.1670055, 0.9847856, -0.04802744, 0, 0.341919, 0.1035356, 0.9340085, 0, -3176.698, 101.357, 4298.564, 1)
    }
  }
}
