missionProps = missionProps or {}
CopBlocks_Route10 = {
  Items = {
    {
      group = "Police",
      type = "EditorVehicle",
      matrix = vec.matrix(0.4536389, -0.1131226, -0.8839769, 0, 0.01775262, 0.9928613, -0.1179463, 0, 0.8910089, 0.03781213, 0.4524088, 0, -3382.803, 46.31946, 2759.101, 1),
      damage = 0,
      siren = False
    },
    {
      group = "Police",
      type = "EditorVehicle",
      matrix = vec.matrix(0.9415535, -0.0001997748, -0.3368635, 0, 0.00225297, 0.9999812, 0.005704151, 0, 0.336856, -0.006129707, 0.9415362, 0, -3539.194, 43.12624, 2172.363, 1),
      damage = 0,
      siren = False
    },
    {
      group = "Police",
      type = "EditorVehicle",
      matrix = vec.matrix(0.5829659, -0.0009468488, 0.8124961, 0, -0.005055453, 0.9999758, 0.004792617, 0, -0.812481, -0.006901468, 0.582947, 0, -3522.002, 43.12621, 2175.76, 1),
      damage = 0,
      siren = False
    },
    {
      group = "Police",
      type = "EditorVehicle",
      matrix = vec.matrix(0.4959641, -0.01256241, -0.8682522, 0, 0.01072785, 0.9999077, -0.008339308, 0, 0.8682768, -0.00517848, 0.4960531, 0, -3545.953, 42.93895, 2202.792, 1),
      damage = 0,
      siren = False
    },
    {
      group = "Police",
      type = "EditorVehicle",
      matrix = vec.matrix(0.6627629, -0.005594724, 0.7488084, 0, -0.005256344, 0.9999127, 0.01212319, 0, -0.7488109, -0.01197079, 0.6626757, 0, -3525.065, 43.08856, 2191.357, 1),
      damage = 0,
      siren = False
    },
    {
      group = "Police",
      type = "EditorVehicle",
      matrix = vec.matrix(0.4895426, 0.0504787, -0.8705171, 0, -0.04720303, 0.9983933, 0.03134884, 0, 0.8707009, 0.02574445, 0.4911388, 0, -4332.046, 31.76927, 1421.123, 1),
      damage = 0,
      siren = False
    },
    {
      group = "Police",
      type = "EditorVehicle",
      matrix = vec.matrix(0.9681313, -0.05603221, 0.2440946, 0, 0.04959853, 0.9982427, 0.03242945, 0, -0.2454827, -0.01928923, 0.9692091, 0, -4327.164, 31.76645, 1419.37, 1),
      damage = 0,
      siren = False
    },
    {
      group = "Police",
      type = "EditorVehicle",
      matrix = vec.matrix(0.9476445, 0.01127623, -0.3191281, 0, 0.001548188, 0.9992023, 0.03990364, 0, 0.3193235, -0.03830853, 0.9468712, 0, -4278.974, 31.96869, 1304.043, 1),
      damage = 0,
      siren = False
    },
    {
      group = "Police",
      type = "EditorVehicle",
      matrix = vec.matrix(0.2262105, 0.02586998, 0.9737349, 0, -0.02990994, 0.9993604, -0.01960235, 0, -0.9736193, -0.0246901, 0.2268396, 0, -4272.933, 31.98624, 1310.912, 1),
      damage = 0,
      siren = False
    },
    {
      group = "Police",
      type = "EditorVehicle",
      matrix = vec.matrix(-0.8143054, 0.006749887, -0.5803974, 0, 0.004252174, 0.999975, 0.005663619, 0, 0.580421, 0.002143965, -0.8143138, 0, -3888.834, 44.28067, 1317.894, 1),
      damage = 0,
      siren = False
    },
    {
      group = "Police",
      type = "EditorVehicle",
      matrix = vec.matrix(0.9524722, 0.001187064, -0.3046234, 0, -0.001146416, 0.9999993, 0.0003122989, 0, 0.3046236, 5.176931E-05, 0.9524729, 0, -3894.238, 44.28804, 1289.352, 1),
      damage = 0,
      siren = False
    },
    {
      group = "Police",
      type = "EditorVehicle",
      matrix = vec.matrix(0.2849941, 0.001559141, -0.958528, 0, -0.000677379, 0.9999988, 0.001425196, 0, 0.9585291, 0.0002431142, 0.2849948, 0, -3426.646, 60.43253, 1207.217, 1),
      damage = 0,
      siren = False
    },
    {
      group = "Police",
      type = "EditorVehicle",
      matrix = vec.matrix(0.8687382, 0.0002468608, -0.4952714, 0, -0.0008650023, 0.9999992, -0.001018835, 0, 0.4952708, 0.001313512, 0.8687378, 0, -3431.955, 60.43183, 1202.889, 1),
      damage = 0,
      siren = False
    },
    {
      group = "Police",
      type = "EditorVehicle",
      matrix = vec.matrix(0.7538706, -0.01803521, 0.6567753, 0, 0.02103549, 0.9997733, 0.003308717, 0, -0.6566861, 0.01132124, 0.754079, 0, -2975.923, 65.9423, 961.1619, 1),
      damage = 0,
      siren = False
    },
    {
      group = "Police",
      type = "EditorVehicle",
      matrix = vec.matrix(-0.8410204, 0.01696611, 0.5407375, 0, 0.02923664, 0.9994729, 0.01411302, 0, -0.540213, 0.02767869, -0.8410731, 0, -2973.83, 65.81293, 971.7883, 1),
      damage = 0,
      siren = False
    },
    {
      group = "Police",
      type = "EditorVehicle",
      matrix = vec.matrix(-0.8245658, -0.02155309, 0.5653554, 0, -0.01083568, 0.9996924, 0.02230761, 0, -0.5656623, 0.01226808, -0.8245457, 0, -2879.261, 65.54741, 1011.78, 1),
      damage = 0,
      siren = False
    }
  }
}
