missionProps = missionProps or {}
missionProps.PureRace26 = {
  {
    name = "Trailer",
    matrix = vec.matrix(0.9976349, 0.006960888, -0.0683827, 0, -0.007147775, 0.9999714, -0.002488657, 0, 0.06836343, 0.002971556, 0.9976562, 0, -2043.494, 70.2381, -2969.956, 1)
  },
  {
    name = "Barrier_Barracade_Concrete",
    matrix = vec.matrix(-0.8494967, -0.0581791, -0.5243764, 0, -0.0497257, 0.9983061, -0.03020489, 0, 0.5252454, 0.0004160292, -0.8509507, 0, -240.156, 27.23698, -2917.796, 1)
  },
  {
    name = "Barrier_Barracade_Concrete",
    matrix = vec.matrix(-0.8496505, -0.05802432, -0.5241444, 0, -0.05013666, 0.9983142, -0.0292436, 0, 0.5249577, 0.001432005, -0.8511273, 0, -238.6081, 27.24104, -2920.349, 1)
  },
  {
    name = "Barrier_Barracade_Concrete",
    matrix = vec.matrix(-0.8498242, -0.06707403, -0.5227809, 0, -0.05584993, 0.9977451, -0.03722432, 0, 0.5240989, -0.002436854, -0.8516541, 0, -236.7266, 27.23254, -2923.404, 1)
  },
  {
    name = "Barrier_Barracade_Concrete",
    matrix = vec.matrix(-0.8451846, -0.06148759, -0.5309258, 0, -0.05459916, 0.9980965, -0.02867477, 0, 0.5316784, 0.004752629, -0.846933, 0, -234.8439, 27.23686, -2926.483, 1)
  },
  {
    name = "Barrier_Barracade_Concrete",
    matrix = vec.matrix(-0.835704, -0.05732533, -0.5461801, 0, -0.05037174, 0.998346, -0.02770999, 0, 0.5468652, 0.004354693, -0.8372094, 0, -233.2334, 27.25229, -2929.106, 1)
  },
  {
    name = "Barrier_Barracade_Concrete",
    matrix = vec.matrix(-0.837579, -0.05817425, -0.5432101, 0, -0.04916107, 0.9983063, -0.03111031, 0, 0.5440999, 0.0006474461, -0.8390203, 0, -231.434, 27.25906, -2931.866, 1)
  },
  {
    name = "Barrier_Barracade_Concrete",
    matrix = vec.matrix(-0.8334507, -0.05750973, -0.5495932, 0, -0.04886642, 0.9983437, -0.03036194, 0, 0.550429, 0.00155147, -0.8348806, 0, -229.6508, 27.26204, -2934.626, 1)
  }
}
CopBlocks_PureRace26 = {
  Items = {
    {
      group = "Police",
      type = "EditorVehicle",
      matrix = vec.matrix(0.992377, 0.04566045, -0.1144695, 0, -0.04937875, 0.9983338, -0.02985922, 0, 0.1129154, 0.03528396, 0.9929781, 0, -238.6914, 26.64425, -2940.196, 1),
      damage = 0,
      siren = False
    },
    {
      group = "Police",
      type = "EditorVehicle",
      matrix = vec.matrix(0.9715143, 0.05967169, 0.2293456, 0, -0.05609448, 0.9981811, -0.02209138, 0, -0.2302466, 0.008597075, 0.9730945, 0, -240.7022, 26.74186, -2933.437, 1),
      damage = 0,
      siren = False
    },
    {
      group = "Police",
      type = "EditorVehicle",
      matrix = vec.matrix(-0.2193432, -0.0457638, -0.974574, 0, -0.05091758, 0.9980751, -0.03540756, 0, 0.9743184, 0.04185654, -0.2212511, 0, -246.5094, 26.76842, -2922.519, 1),
      damage = 0,
      siren = False
    },
    {
      group = "Police",
      type = "EditorVehicle",
      matrix = vec.matrix(-0.126191, 0.008285436, -0.9919714, 0, 0.09203383, 0.9957502, -0.003390842, 0, 0.9877276, -0.09172283, -0.1264173, 0, -205.8943, 49.16937, -2965.586, 1),
      damage = 0,
      siren = False
    },
    {
      group = "Police",
      type = "EditorVehicle",
      matrix = vec.matrix(-0.9525079, 0.02074347, -0.3038065, 0, 0.01967412, 0.9997848, 0.006580655, 0, 0.3038777, 0.0002909983, -0.952711, 0, -18.90168, 22.7765, -2938.502, 1),
      damage = 0,
      siren = False
    },
    {
      group = "Police",
      type = "EditorVehicle",
      matrix = vec.matrix(-0.2488671, 0.002536997, 0.9685343, 0, -0.00118276, 0.9999951, -0.002923319, 0, -0.9685369, -0.001873061, -0.2488629, 0, -32.50626, 24.49301, -3117.617, 1),
      damage = 0,
      siren = False
    },
    {
      group = "Police",
      type = "EditorVehicle",
      matrix = vec.matrix(0.03642313, -0.04175972, 0.9984636, 0, -0.02044863, 0.9988862, 0.04252335, 0, -0.9991272, -0.02196605, 0.03552863, 0, -985.6523, 176.3534, 4441.113, 1),
      damage = 0,
      siren = False
    },
    {
      group = "Police",
      type = "EditorVehicle",
      matrix = vec.matrix(0.9327381, 0.002077453, 0.3605486, 0, -0.002489631, 0.9999967, 0.0006787649, 0, -0.360546, -0.001530743, 0.9327403, 0, -28.11896, 24.49309, -3112.481, 1),
      damage = 0,
      siren = False
    },
    {
      group = "Police",
      type = "EditorVehicle",
      matrix = vec.matrix(-0.8268073, 0.001036168, -0.5624842, 0, 0.001532842, 0.9999988, -0.0004110307, 0, 0.5624831, -0.001202042, -0.8268079, 0, -388.3327, 24.49319, -2976.487, 1),
      damage = 0,
      siren = False
    },
    {
      group = "Police",
      type = "EditorVehicle",
      matrix = vec.matrix(0.6178895, 0.001760522, -0.7862631, 0, 0.0008616449, 0.9999955, 0.002916219, 0, 0.7862647, -0.002479381, 0.6178852, 0, -394.0064, 24.49277, -2984.123, 1),
      damage = 0,
      siren = False
    },
    {
      group = "Police",
      type = "EditorVehicle",
      matrix = vec.matrix(0.9773042, 0.002357485, -0.2118283, 0, -0.005505218, 0.999883, -0.01427129, 0, 0.2117699, 0.01511355, 0.9772028, 0, -1207.16, 24.41595, -3038.009, 1),
      damage = 0,
      siren = False
    },
    {
      group = "Police",
      type = "EditorVehicle",
      matrix = vec.matrix(-0.05268934, -0.0004372689, -0.9986109, 0, 0.002243109, 0.9999973, -0.0005562283, 0, 0.9986085, -0.0022693, -0.05268821, 0, -1229.606, 24.19118, -3048.599, 1),
      damage = 0,
      siren = False
    },
    {
      group = "Police",
      type = "EditorVehicle",
      matrix = vec.matrix(0.8729042, 0.002152394, -0.4878869, 0, -0.0007913099, 0.9999952, 0.002995871, 0, 0.487891, -0.002229038, 0.8729018, 0, -1012.915, 24.49273, -2858.778, 1),
      damage = 0,
      siren = False
    },
    {
      group = "Police",
      type = "EditorVehicle",
      matrix = vec.matrix(-0.07370244, 0.001161587, -0.9972796, 0, 0.0034092, 0.9999939, 0.0009127969, 0, 0.9972746, -0.00333265, -0.07370595, 0, -1040.789, 24.49147, -2866.604, 1),
      damage = 0,
      siren = False
    },
    {
      group = "Police",
      type = "EditorVehicle",
      matrix = vec.matrix(-0.3520038, 0.01069818, -0.9359375, 0, 0.1579433, 0.9862746, -0.04812855, 0, 0.9225765, -0.1647665, -0.3488621, 0, -1738.257, 25.74462, -3094.225, 1),
      damage = 0,
      siren = False
    },
    {
      group = "Police",
      type = "EditorVehicle",
      matrix = vec.matrix(0.527751, 0.001451666, -0.849398, 0, -2.744823E-05, 0.9999986, 0.001691996, 0, 0.8493992, -0.0008696378, 0.5277503, 0, -1713.099, 24.49322, -3084.251, 1),
      damage = 0,
      siren = False
    },
    {
      group = "Police",
      type = "EditorVehicle",
      matrix = vec.matrix(0.7072788, 0.001755077, -0.7069326, 0, -0.0007512435, 0.9999983, 0.00173105, 0, 0.7069344, -0.0006932562, 0.7072788, 0, -1655.833, 24.49321, -3117.187, 1),
      damage = 0,
      siren = False
    },
    {
      group = "Police",
      type = "EditorVehicle",
      matrix = vec.matrix(-0.7729511, 0.0007702968, -0.6344652, 0, 0.001678803, 0.9999983, -0.0008311521, 0, 0.6344634, -0.001707582, -0.7729511, 0, -1613.451, 24.49301, -3112.858, 1),
      damage = 0,
      siren = False
    },
    {
      group = "Police",
      type = "EditorVehicle",
      matrix = vec.matrix(0.9106106, 0.04618708, -0.4106766, 0, -0.02599102, 0.9981684, 0.05462883, 0, 0.4124476, -0.03907169, 0.9101431, 0, -1614.18, 25.03446, -3133.584, 1),
      damage = 0,
      siren = False
    },
    {
      group = "Police",
      type = "EditorVehicle",
      matrix = vec.matrix(0.4057999, 0.006880898, -0.9139361, 0, -0.005207825, 0.9999729, 0.005216312, 0, 0.9139472, 0.002642841, 0.4058247, 0, -1921.338, 75.0117, -3019.91, 1),
      damage = 0,
      siren = False
    },
    {
      group = "Police",
      type = "EditorVehicle",
      matrix = vec.matrix(-0.927807, -0.006990293, -0.3729952, 0, -0.007275514, 0.9999734, -0.000642996, 0, 0.3729898, 0.002117156, -0.9278331, 0, -1918.994, 75.02673, -3012.521, 1),
      damage = 0,
      siren = False
    },
    {
      group = "Police",
      type = "EditorVehicle",
      matrix = vec.matrix(-0.6738283, 0.01010377, -0.7388189, 0, -0.02703742, 0.9988997, 0.03831959, 0, 0.7383931, 0.04579658, -0.6728137, 0, -1918.995, 75.66376, -3027.68, 1),
      damage = 0,
      siren = False
    },
    {
      name = "Barrier_05",
      low = "1812926976",
      high = "628282216",
      type = "RuntimeProp",
      matrix = vec.matrix(0.5203577, 0.001940866, -0.8539463, 0, 0.01567546, 0.9998072, 0.01182432, 0, 0.8538046, -0.01953888, 0.520227, 0, -23.11495, 22.86932, -2938.375, 1)
    },
    {
      name = "Barrier_05",
      low = "1812926976",
      high = "628282216",
      type = "RuntimeProp",
      matrix = vec.matrix(0.5332484, 0.01620117, -0.8458037, 0, 0.01301424, 0.9995412, 0.02735098, 0, 0.8458588, -0.02559236, 0.532793, 0, -19.95898, 22.86196, -2944.35, 1)
    },
    {
      name = "Barrier_05",
      low = "1812926976",
      high = "628282216",
      type = "RuntimeProp",
      matrix = vec.matrix(0.3938012, 0.001073351, 0.9191949, 0, -0.001751582, 0.9999984, -0.0004172943, 0, -0.9191939, -0.001445714, 0.3938025, 0, -33.96605, 24.49313, -3113.115, 1)
    },
    {
      name = "Barrier_05",
      low = "1812926976",
      high = "628282216",
      type = "RuntimeProp",
      matrix = vec.matrix(0.06343784, 0.001088805, 0.9979852, 0, -0.001034411, 0.9999989, -0.001025248, 0, -0.9979853, -0.0009672874, 0.0634389, 0, -74.17681, 24.49315, -3100.205, 1)
    },
    {
      name = "Barrier_05",
      low = "1812926976",
      high = "628282216",
      type = "RuntimeProp",
      matrix = vec.matrix(0.08043435, 0.001268368, 0.9967592, 0, -0.001317755, 0.9999985, -0.001166152, 0, -0.9967592, -0.001219686, 0.0804359, 0, -73.03274, 24.49311, -3105.902, 1)
    },
    {
      name = "Barrier_05",
      low = "1812926976",
      high = "628282216",
      type = "RuntimeProp",
      matrix = vec.matrix(-0.1385849, 0.001745454, 0.990349, 0, -0.000815127, 0.999998, -0.001876525, 0, -0.9903502, -0.001067318, -0.1385832, 0, -378.5296, 24.49305, -2974.855, 1)
    },
    {
      name = "Barrier_05",
      low = "1812926976",
      high = "628282216",
      type = "RuntimeProp",
      matrix = vec.matrix(-0.02695449, 0.000172018, 0.9996367, 0, -0.0005877328, 0.9999998, -0.0001879283, 0, -0.9996366, -0.0005925848, -0.02695439, 0, -378.3489, 24.49321, -2980.166, 1)
    },
    {
      name = "Barrier_05",
      low = "1812926976",
      high = "628282216",
      type = "RuntimeProp",
      matrix = vec.matrix(0.06174867, 0.002814405, 0.9980878, 0, -0.0008757172, 0.9999958, -0.002765608, 0, -0.9980914, -0.00070327, 0.06175088, 0, -380.3272, 24.49318, -2984.852, 1)
    },
    {
      name = "Barrier_05",
      low = "1812926976",
      high = "628282216",
      type = "RuntimeProp",
      matrix = vec.matrix(-0.4699559, 0.001553334, 0.8826885, 0, -0.001202663, 0.9999964, -0.002400085, 0, -0.8826891, -0.002189511, -0.4699523, 0, -1012.41, 24.49303, -2852.85, 1)
    },
    {
      name = "Barrier_05",
      low = "1812926976",
      high = "628282216",
      type = "RuntimeProp",
      matrix = vec.matrix(-0.5715142, 0.001402419, 0.8205911, 0, 0.0005410763, 0.999999, -0.001332192, 0, -0.8205922, -0.0003173641, -0.5715144, 0, -1036.725, 24.49199, -2870.479, 1)
    },
    {
      name = "Barrier_05",
      low = "1812926976",
      high = "628282216",
      type = "RuntimeProp",
      matrix = vec.matrix(-0.6758043, 0.001147102, 0.7370803, 0, -0.02354437, 0.999455, -0.02314248, 0, -0.7367051, -0.03299388, -0.675409, 0, -1210.075, 24.48194, -3032.008, 1)
    },
    {
      name = "Barrier_05",
      low = "1812926976",
      high = "628282216",
      type = "RuntimeProp",
      matrix = vec.matrix(-0.6905792, 0.002029838, 0.723254, 0, 0.007665041, 0.9999604, 0.00451233, 0, -0.7232162, 0.008659892, -0.6905674, 0, -1173.478, 26.15609, -2997.165, 1)
    },
    {
      name = "Barrier_05",
      low = "1812926976",
      high = "628282216",
      type = "RuntimeProp",
      matrix = vec.matrix(-0.6979052, 0.006686581, 0.716159, 0, 0.02227322, 0.9996754, 0.01237181, 0, -0.7158438, 0.02458552, -0.6978276, 0, -1167.762, 26.08367, -2998.822, 1)
    },
    {
      name = "Barrier_05",
      low = "1812926976",
      high = "628282216",
      type = "RuntimeProp",
      matrix = vec.matrix(-0.5891183, -0.007539463, 0.8080116, 0, -0.01219545, 0.9999256, 0.0004385351, 0, -0.8079548, -0.009595713, -0.5891665, 0, -1221.62, 24.1878, -3049.822, 1)
    },
    {
      name = "Barrier_05",
      low = "1812926976",
      high = "628282216",
      type = "RuntimeProp",
      matrix = vec.matrix(0.05811728, 0.001660295, 0.9983084, 0, -0.0007657402, 0.9999984, -0.001618527, 0, -0.9983094, -0.0006703804, 0.05811846, 0, -1610.697, 24.49323, -3118.846, 1)
    },
    {
      name = "Barrier_05",
      low = "1812926976",
      high = "628282216",
      type = "RuntimeProp",
      matrix = vec.matrix(0.04034826, -0.0497941, 0.9979442, 0, -0.005584319, 0.9987307, 0.05005912, 0, -0.9991701, -0.007592637, 0.04001898, 0, -1609.689, 24.66403, -3126.381, 1)
    },
    {
      name = "Barrier_05",
      low = "1812926976",
      high = "628282216",
      type = "RuntimeProp",
      matrix = vec.matrix(0.3745568, -0.0003443269, 0.927204, 0, -0.001885089, 0.9999976, 0.001132867, 0, -0.9272021, -0.002172185, 0.3745552, 0, -1657.027, 24.49292, -3122.199, 1)
    },
    {
      name = "Barrier_05",
      low = "1812926976",
      high = "628282216",
      type = "RuntimeProp",
      matrix = vec.matrix(0.3745568, -0.0003443269, 0.927204, 0, -0.001885089, 0.9999976, 0.001132867, 0, -0.9272021, -0.002172185, 0.3745552, 0, -1657.027, 24.49292, -3122.199, 1)
    },
    {
      name = "Barrier_05",
      low = "1812926976",
      high = "628282216",
      type = "RuntimeProp",
      matrix = vec.matrix(0.3583829, 0.001194943, 0.933574, 0, 0.1466934, 0.987505, -0.05757703, 0, -0.9219777, 0.1575838, 0.3537295, 0, -1737.333, 25.83232, -3090.498, 1)
    },
    {
      name = "Barrier_05",
      low = "1812926976",
      high = "628282216",
      type = "RuntimeProp",
      matrix = vec.matrix(0.1219657, 0.001189029, 0.9925337, 0, -0.001561859, 0.9999983, -0.001006045, 0, -0.9925331, -0.001427494, 0.1219673, 0, -1653.245, 24.49305, -3110.447, 1)
    }
  }
}
