RaceProps_PureRace34 = {
  Items = {
    {
      group = "Sports",
      type = "EditorVehicle",
      matrix = vec.matrix(-0.06917031109333,0.0008939667022787,0.99760454893112,0,-0.02116584032774,0.99977320432663,-0.0023634731769562,0,-0.99738037586212,-0.021278621628881,-0.069135695695877,-0,-1485.0809326172,43.699687957764,831.20513916016,1),
      damage = 0.9,
      siren = False
    },
    {
      group = "Police",
      type = "EditorVehicle",
      matrix = vec.matrix(-0.33563619852066,-0.01363025419414,-0.94189310073853,0,0.017044806852937,0.99964374303818,-0.020539755001664,0,0.94183748960495,-0.022948272526264,-0.33528429269791,-0,-1497.0583496094,43.858776092529,839.46270751953,1),
      damage = 0,
      siren = False
    },
    {
      group = "Police",
      type = "EditorVehicle",
      matrix = vec.matrix(0.44664314389229,-0.027799194678664,-0.89428025484085,0,0.027126995846629,0.99947839975357,-0.017520915716887,0,0.89430087804794,-0.016433540731668,0.44716429710388,-0,-1502.9523925781,43.719860076904,825.12603759766,1),
      damage = 0,
      siren = False
    },
    {
      group = "Police",
      type = "EditorVehicle",
      matrix = vec.matrix(0.57167381048203,-0.0156628228724,-0.82033157348633,0,0.0082620279863477,0.99987697601318,-0.013333280570805,0,0.82043951749802,0.00084468489512801,0.571732878685,-0,-1495.1091308594,43.526752471924,820.80517578125,1),
      damage = 0,
      siren = False
    },
    {
      group = "Police",
      type = "EditorVehicle",
      matrix = vec.matrix(-0.50925600528717,0.027827152982354,0.86016511917114,0,0.018872326239944,0.99959796667099,-0.021164679899812,0,-0.86040824651718,0.0054550776258111,-0.50957643985748,-0,-1476.7650146484,43.749210357666,841.03558349609,1),
      damage = 0,
      siren = False
    },
    {
      group = "Sports",
      type = "EditorVehicle",
      matrix = vec.matrix(-0.75463885068893,-0.02946818061173,0.65547829866409,0,-0.053134962916374,0.99845457077026,-0.016285922378302,0,-0.6539853811264,-0.047118805348873,-0.75503844022751,-0,-2302.9538574219,32.980525970459,284.80322265625,1),
      damage = 0.9,
      siren = False
    },
	{
      group = "Police",
      type = "EditorVehicle",
      matrix = vec.matrix(-0.14089632034302,-0.018953196704388,-0.9898430109024,0,-0.021137122064829,0.99964648485184,-0.016132209450006,0,0.98979884386063,0.018649462610483,-0.14124712347984,-0,-2341.4133300781,31.327352523804,268.89422607422,1),
      damage = 0.9,
      siren = False
    },
	{
      group = "Police",
      type = "EditorVehicle",
      matrix = vec.matrix(0.68019843101501,0.0051112254150212,-0.73301023244858,0,-0.022170813754201,0.99966162443161,-0.013602888211608,0,0.73269271850586,0.025504097342491,0.68008160591125,-0,-2339.8110351563,31.241758346558,261.50122070313,1),
      damage = 0.9,
      siren = False
    },
    {
      group = "Police",
      type = "EditorVehicle",
      matrix = vec.matrix(0.56047034263611,0.033374737948179,0.82750177383423,0,-0.043054353445768,0.99901080131531,-0.011131136678159,0,-0.82705473899841,-0.029388882219791,0.56135284900665,-0,-2279.033203125,34.014106750488,288.39547729492,1),
      damage = 0,
      siren = False
    },
    {
      group = "Police",
      type = "EditorVehicle",
      matrix = vec.matrix(-0.9037144780159,0.0060566291213036,0.42809277772903,0,-0.018847895786166,0.99836772680283,-0.053913213312626,0,-0.42772054672241,-0.056790798902512,-0.90212523937225,-0,-2284.4663085938,33.891361236572,297.11404418945,1),
      damage = 0,
      siren = False
    },
    {
      group = "Police",
      type = "EditorVehicle",
      matrix = vec.matrix(-0.081496432423592,0.00056051334831864,0.99667352437973,0,-0.036163493990898,0.99933975934982,-0.0035190449561924,0,-0.99601745605469,-0.036329984664917,-0.081422351300716,-0,-2268.4318847656,34.483829498291,300.89047241211,1),
      damage = 0,
      siren = False
    },
    {
      group = "Sports",
      type = "EditorVehicle",
      matrix = vec.matrix(0.20397780835629,-0.05591706559062,0.97737735509872,0,0.043430685997009,0.99790143966675,0.048027325421572,0,-0.97801178693771,0.032651662826538,0.20597825944424,-0,-2612.8298339844,68.40161895752,992.05975341797,1),
      damage = 0,
      siren = False
    },
    {
      group = "Police",
      type = "EditorVehicle",
      matrix = vec.matrix(0.22498640418053,-0.049945686012506,0.97308099269867,0,0.049230020493269,0.99799257516861,0.039841841906309,0,-0.97311753034592,0.03894092515111,0.22699359059334,-0,-2601.0534667969,68.000091552734,989.79211425781,1),
      damage = 0,
      siren = False
    },
    {
      group = "Police",
      type = "EditorVehicle",
      matrix = vec.matrix(0.21184374392033,-0.051180951297283,0.97596246004105,0,0.042715895920992,0.99815833568573,0.043072964996099,0,-0.97636961936951,0.032564371824265,0.21363984048367,-0,-2590.30078125,67.597915649414,987.69091796875,1),
      damage = 0,
      siren = False
    },
  }
}
