missionProps = missionProps or {}
missionProps.PureRace30 = {
  {
    name = "Trailer",
    matrix = vec.matrix(0.9976349, 0.006960888, -0.0683827, 0, -0.007147775, 0.9999714, -0.002488657, 0, 0.06836343, 0.002971556, 0.9976562, 0, -2043.494, 70.2381, -2969.956, 1)
  }
}
CopBlocks_PureRace30 = {
  Items = {
    {
      group = "Police",
      type = "EditorVehicle",
      matrix = vec.matrix(-0.4106242, 0.0009874656, -0.9118043, 0, 0.008309579, 0.999962, -0.002659217, 0, 0.9117669, -0.008668648, -0.4106168, 0, 1348.03, 30.01418, -4118.073, 1),
      damage = 0.6,
      siren = False
    },
    {
      group = "Sports",
      type = "EditorVehicle",
      matrix = vec.matrix(-0.8414171, 0.001628917, 0.5403838, 0, -0.004158557, 0.9999464, -0.009489385, 0, -0.5403703, -0.01023175, -0.8413652, 0, 1353.685, 30.01473, -4120.708, 1),
      damage = 1,
      siren = False
    },
    {
      group = "Police",
      type = "EditorVehicle",
      matrix = vec.matrix(0.4190369, -0.001004576, -0.9079686, 0, 0.007081413, 0.9999727, 0.002161776, 0, 0.9079417, -0.007335565, 0.4190326, 0, 1344.394, 30.01588, -4104.053, 1),
      damage = 0,
      siren = False
    },
    {
      group = "Police",
      type = "EditorVehicle",
      matrix = vec.matrix(-0.9010426, 0.002199051, -0.4337252, 0, 0.005738958, 0.9999601, -0.006852454, 0, 0.4336928, -0.008663484, -0.9010192, 0, 1336.709, 30.01482, -4110.955, 1),
      damage = 0.1,
      siren = False
    },
    {
      group = "Sports",
      type = "EditorVehicle",
      matrix = vec.matrix(-0.002315133, -0.07278253, 0.9973452, 0, -0.01087136, 0.9972907, 0.07275332, 0, -0.9999383, -0.01067407, -0.003100106, 0, 1942.295, 27.70829, -3962.618, 1),
      damage = 0,
      siren = False
    },
    {
      group = "Police",
      type = "EditorVehicle",
      matrix = vec.matrix(0.02738625, -0.04856724, 0.9984444, 0, -0.0232214, 0.9985186, 0.04920779, 0, -0.9993552, -0.02453289, 0.02621788, 0, 1954.481, 27.72809, -3962.721, 1),
      damage = 0,
      siren = False
    },
    {
      group = "Sports",
      type = "EditorVehicle",
      matrix = vec.matrix(-0.6970271, 0.00554553, 0.7170234, 0, -0.01481215, -0.9998681, -0.006665993, 0, 0.7168919, -0.01526704, 0.6970173, 0, 1744.009, 29.16554, -3682.152, 1),
      damage = 1,
      siren = False
    },
    {
      group = "Police",
      type = "EditorVehicle",
      matrix = vec.matrix(-0.1523054, 0.001756022, -0.988332, 0, 0.01219785, 0.9999256, -0.0001031094, 0, 0.9882583, -0.01207123, -0.1523155, 0, 1702.873, 28.12587, -3681.324, 1),
      damage = 0.1,
      siren = False
    },
    {
      group = "Police",
      type = "EditorVehicle",
      matrix = vec.matrix(0.5186806, -0.0001099584, 0.8549681, 0, -0.003604817, 0.9999909, 0.002315532, 0, -0.8549605, -0.004283025, 0.5186754, 0, 1772.158, 27.73539, -3682.256, 1),
      damage = 0.2,
      siren = False
    },
    {
      group = "Sports",
      type = "EditorVehicle",
      matrix = vec.matrix(-0.5015066, 0.02851914, -0.8646837, 0, 0.0480941, 0.9988301, 0.005049551, 0, 0.8638161, -0.0390538, -0.5022914, 0, 840.9885, 30.7914, -3991.318, 1),
      damage = 1,
      siren = False
    },
    {
      group = "Police",
      type = "EditorVehicle",
      matrix = vec.matrix(0.8364727, -0.05528603, -0.5452126, 0, 0.07834876, 0.9967425, 0.01913137, 0, 0.5423789, -0.0587196, 0.8380795, 0, 830.9122, 31.36671, -3983.052, 1),
      damage = 0.7,
      siren = False
    },
    {
      group = "Police",
      type = "EditorVehicle",
      matrix = vec.matrix(0.9613674, -0.1256578, 0.244914, 0, 0.1218943, 0.9920736, 0.03052749, 0, -0.2468087, 0.0005054772, 0.9690641, 0, 818.2308, 32.96847, -3997.234, 1),
      damage = 0.2,
      siren = False
    },
    {
      group = "Police",
      type = "EditorVehicle",
      matrix = vec.matrix(-0.9636389, 0.06496017, 0.2591918, 0, 0.07835276, 0.9960546, 0.04166755, 0, -0.2554625, 0.06046086, -0.9649268, 0, 851.6094, 30.19154, -3978.282, 1),
      damage = 0,
      siren = False
    },
    {
      group = "Police",
      type = "EditorVehicle",
      matrix = vec.matrix(0.2969169, -0.02225457, 0.954644, 0, 0.0102054, 0.9997452, 0.02013184, 0, -0.9548489, 0.003765045, 0.2970684, 0, 864.5511, 30.14458, -3990.146, 1),
      damage = 0,
      siren = False
    },
    {
      group = "Sports",
      type = "EditorVehicle",
      matrix = vec.matrix(-0.9939108, -0.01116295, 0.1096212, 0, -0.01122521, 0.9999371, 4.922086E-05, 0, -0.1096148, -0.001181599, -0.9939735, 0, 1057.013, 30.00313, -4338.597, 1),
      damage = 0.8,
      siren = False
    },
    {
      group = "Police",
      type = "EditorVehicle",
      matrix = vec.matrix(-0.328711, 0.001602301, 0.9444293, 0, -0.01014698, 0.9999349, -0.005228152, 0, -0.9443762, -0.01130166, -0.3286733, 0, 1056.734, 30.0108, -4334.067, 1),
      damage = 0.5,
      siren = False
    },
    {
      group = "Police",
      type = "EditorVehicle",
      matrix = vec.matrix(-0.445756, -0.004279954, 0.8951443, 0, -0.003887935, 0.9999884, 0.002845166, 0, -0.895146, -0.002212012, -0.4457675, 0, 1058.606, 30.02861, -4341.678, 1),
      damage = 0.2,
      siren = False
    },
    {
      group = "Police",
      type = "EditorVehicle",
      matrix = vec.matrix(-0.03909112, 0.0007378833, 0.9992354, 0, -0.01017282, 0.9999476, -0.00113638, 0, -0.9991839, -0.01020946, -0.03908156, 0, 1073.181, 30.01447, -4342.75, 1),
      damage = 0,
      siren = False
    }
  }
}
