missionProps = missionProps or {}
missionProps.PureRace56 = {
  {
      name = "Dumpster_01",
      matrix = vec.matrix(-0.17486645281315,-0.00016919897461776,-0.98459213972092,0,0.0407709851861,0.99914109706879,-0.0074127456173301,0,0.98374772071838,-0.041439034044743,-0.17470936477184,-0,-1272.7126464844,32.406402587891,502.97958374023,1)
  },
  {
      name = "Wheelie_Bin_01",
      matrix = vec.matrix(-0.17412213981152,0.012073194608092,-0.98465007543564,0,0.028587667271495,0.99956542253494,0.0072007323615253,0,0.98430913686752,-0.026895042508841,-0.17439161241055,-0,-1267.4565429688,32.173377990723,502.04144287109,1)
  },
  {
      name = "Wheelie_Bin_01",
      matrix = vec.matrix(-0.17348352074623,0.00078831618884578,-0.98483645915985,0,0.041990365833044,0.99909627437592,-0.0065970681607723,0,0.98394125699997,-0.042498126626015,-0.17335984110832,-0,-1259.4487304688,31.828586578369,500.63061523438,1)
  },
  {
      name = "Wheelie_Bin_01",
      matrix = vec.matrix(-0.17358829081059,-0.00026962580159307,-0.98481833934784,0,0.045374676585197,0.99893581867218,-0.0082714259624481,0,0.98377251625061,-0.046121638268232,-0.17339132726192,-0,-1250.3278808594,31.418148040771,499.02328491211,1)
  },
  {
      name = "Dumpster_01",
      matrix = vec.matrix(-0.17508785426617,0.00052821438293904,-0.98455274105072,0,0.078273996710777,0.99684202671051,-0.013385040685534,0,0.98143643140793,-0.079408437013626,-0.17457628250122,-0,-1238.6850585938,30.581308364868,496.96502685547,1)
  },
  {
      name = "Dumpster_02",
      matrix = vec.matrix(-0.19210088253021,0.0010387196671218,-0.98137474060059,0,0.080443754792213,0.99665093421936,-0.01469171140343,0,0.97807282209396,-0.081767752766609,-0.19154109060764,-0,-1226.0418701172,29.626462936401,494.57846069336,1)
  },
  {
      name = "Dumpster_02",
      matrix = vec.matrix(-0.19239249825478,-0.0038248740602285,-0.98131060600281,0,0.040944956243038,0.99909031391144,-0.011921705678105,0,0.98046350479126,-0.042473364621401,-0.19206087291241,-0,-1220.2305908203,29.232501983643,493.44146728516,1)
  },
  {
      name = "Dumpster_02",
      matrix = vec.matrix(-0.19243064522743,-0.0017957414966077,-0.9813089966774,0,0.040083553642035,0.99914938211441,-0.0096886092796922,0,0.98049169778824,-0.041198737919331,-0.19219498336315,-0,-1213.4093017578,28.831270217896,492.10467529297,1)
  },
  {
      name = "Dumpster_02",
      matrix = vec.matrix(-0.19234411418438,0.0033978940919042,-0.98132175207138,0,0.036050785332918,0.9993434548378,-0.0036058430559933,0,0.98066520690918,-0.036070983856916,-0.19234032928944,-0,-1206.0771484375,28.484348297119,490.66680908203,1)
  },
  {
      name = "Wheelie_Bin_01",
      matrix = vec.matrix(0.78245407342911,0.010455036535859,-0.62262052297592,0,-0.0065083899535239,0.99994170665741,0.0086118439212441,0,0.62267428636551,-0.0026861149817705,0.78247654438019,-0,-1021.202331543,16.992517471313,312.85467529297,1)
  },
  {
      name = "Dumpster_01",
      matrix = vec.matrix(0.78178203105927,0.0046548410318792,-0.62353450059891,0,-0.0028305139858276,0.99998837709427,0.0039162901230156,0,0.62354546785355,-0.0012967621441931,0.78178614377975,-0,-1018.89453125,16.993818283081,315.74423217773,1)
  },
  {
      name = "Dumpster_02",
      matrix = vec.matrix(0.94239044189453,0.011841506697237,-0.33430537581444,0,-0.026502968743443,0.99887484312057,-0.039329200983047,0,0.33346351981163,0.045923549681902,0.94164389371872,-0,-1017.5577392578,17.059078216553,318.8157043457,1)
  },
  {
      name = "Wheelie_Bin_01",
      matrix = vec.matrix(0.57899969816208,-0.02379298210144,-0.81498062610626,0,-0.018994763493538,0.99890923500061,-0.042657449841499,0,0.81510663032532,0.040179014205933,0.57791620492935,-0,-1015.4993896484,17.169027328491,320.36358642578,1)
  },
  {
      name = "Dumpster_02",
      matrix = vec.matrix(0.54800695180893,-0.041685301810503,-0.83543449640274,0,-0.013915546238422,0.99816501140594,-0.058932960033417,0,0.83635812997818,0.043921198695898,0.54642128944397,-0,-1013.9310913086,17.260969161987,321.34170532227,1)
  },
  {
      name = "Wheelie_Bin_01",
      matrix = vec.matrix(0.99955809116364,0.029492981731892,0.003731724107638,0,-0.029299972578883,0.99859720468521,-0.044103872030973,0,-0.0050272438675165,0.043975040316582,0.99902004003525,-0,-1017.3919677734,17.229568481445,322.4990234375,1)
  },
  {
      name = "Dumpster_01",
      matrix = vec.matrix(0.81884765625,0.0058587519451976,-0.57398116588593,0,-0.038555298000574,0.998251080513,-0.04481402784586,0,0.57271474599838,0.058825872838497,0.81764143705368,-0,-1018.6559448242,17.19574546814,322.43142700195,1)
  },
  {
      name = "Dumpster_02",
      matrix = vec.matrix(0.64877068996429,0.0093554547056556,-0.760926425457,0,0.0030960759613663,0.99988377094269,0.014933126978576,0,0.76097768545151,-0.012044060975313,0.64866632223129,-0,-958.15600585938,35.273029327393,416.60931396484,1)
  },
  {
      name = "Dumpster_01",
      matrix = vec.matrix(0.85820806026459,0.0065555721521378,-0.51326024532318,0,-0.0050903102383018,0.99997794628143,0.0042607663199306,0,0.51327687501907,-0.0010439699981362,0.85822248458862,-0,-955.27374267578,35.24730682373,420.55670166016,1)
  },
  {
      name = "Dumpster_02",
      matrix = vec.matrix(0.17517517507076,0.00060457922518253,-0.98453718423843,0,0.0038199129048735,0.99999189376831,0.0012937329011038,0,0.98452997207642,-0.0039874762296677,0.17517144978046,-0,-950.77581787109,35.23274230957,423.45303344727,1)
  },
  {
      name = "Dumpster_01",
      matrix = vec.matrix(-0.43198552727699,-0.0016557931667194,-0.90187907218933,0,0.0039714802987874,0.99998509883881,-0.0037381844595075,0,0.90187186002731,-0.0051966365426779,-0.43197250366211,-0,-947.32299804688,35.243682861328,422.45376586914,1)
  },
  {
      name = "Dumpster_02",
      matrix = vec.matrix(-0.98882675170898,-0.012777362950146,-0.14852060377598,0,-0.01240161433816,0.99991714954376,-0.0034557923208922,0,0.14855244755745,-0.0015752846375108,-0.98890334367752,-0,-949.24157714844,35.237213134766,419.93347167969,1)
  },
  {
      name = "Dumpster_02",
      matrix = vec.matrix(-0.72670882940292,0.0018971627578139,0.68694299459457,0,-0.00088876712834463,0.99999272823334,-0.0037019429728389,0,-0.6869450211525,-0.0033007669262588,-0.72670185565948,-0,-951.35107421875,35.23120880127,419.2204284668,1)
  },
  {
      name = "Dumpster_01",
      matrix = vec.matrix(0.7042453289032,-0.013871273957193,0.709821164608,0,0.019171498715878,0.99981611967087,0.00051743391668424,0,-0.70969778299332,0.013243935070932,0.70438176393509,-0,-958.93725585938,35.269874572754,419.73529052734,1)
  },
  {
      name = "Wheelie_Bin_01",
      matrix = vec.matrix(-0.057486437261105,0.0015711067244411,-0.99834513664246,0,0.012505142018199,0.99992144107819,0.00085351977031678,0,0.99826800823212,-0.01243538223207,-0.057501569390297,-0,-941.68432617188,35.223686218262,421.91534423828,1)
  },
  {
      name = "Wheelie_Bin_01",
      matrix = vec.matrix(-0.69850504398346,0.001280628843233,0.71560400724411,0,-0.019172549247742,0.99960595369339,-0.020503304898739,0,-0.71534830331802,-0.028041614219546,-0.69820523262024,-0,-874.03265380859,17.696182250977,317.93173217773,1)
  },
  {
      name = "Dumpster_01",
      matrix = vec.matrix(-0.69824743270874,0.0054052099585533,0.71583610773087,0,-0.01902418397367,0.99947822093964,-0.026103708893061,0,-0.71560370922089,-0.031845044344664,-0.69778031110764,-0,-876.97100830078,17.573232650757,315.07171630859,1)
  },
  {
      name = "Dumpster_02",
      matrix = vec.matrix(-0.70122987031937,-0.002700487151742,0.71293014287949,0,-0.013088925741613,0.99987316131592,-0.0090867253020406,0,-0.71281516551971,-0.015703372657299,-0.70117628574371,-0,-879.54095458984,17.467844009399,312.56350708008,1)
  },
  {
      name = "Dumpster_02",
      matrix = vec.matrix(-0.70893615484238,0.010078221559525,0.7052007317543,0,-0.001308478298597,0.9998773932457,-0.015604937449098,0,-0.7052715420723,-0.01198564376682,-0.7088360786438,-0,-882.93701171875,17.326135635376,309.20477294922,1)
  },
  {
      name = "Wheelie_Bin_01",
      matrix = vec.matrix(-0.70406484603882,-0.010880830697715,0.7100522518158,0,0.024424271658063,0.99891996383667,0.039525754749775,0,-0.70971542596817,0.045171204954386,-0.70303863286972,-0,-886.62762451172,17.134792327881,305.4944152832,1)
  },
  {
      name = "Dumpster_02",
      matrix = vec.matrix(0.92937713861465,0.0034750003833324,-0.36911529302597,0,-0.00078313803533092,0.99997198581696,0.0074423151090741,0,0.36913082003593,-0.0066276495344937,0.92935383319855,-0,-673.43548583984,49.469436645508,255.79724121094,1)
  },
  {
      name = "Wheelie_Bin_01",
      matrix = vec.matrix(0.92444509267807,0.017053032293916,-0.38093355298042,0,-0.019319886341691,0.99981117248535,-0.0021273063030094,0,0.38082534074783,0.0093261711299419,0.9245999455452,-0,-670.43511962891,49.460674285889,263.10116577148,1)
  },
  {
      name = "Dumpster_01",
      matrix = vec.matrix(0.92475616931915,-0.0017681469907984,-0.38055634498596,0,0.0029762955382466,0.99999225139618,0.0025862511247396,0,0.38054883480072,-0.0035242999438196,0.92475426197052,-0,-669.21661376953,49.459884643555,266.0592956543,1)
  },
  {
      name = "Wheelie_Bin_01",
      matrix = vec.matrix(0.92464649677277,-0.00024192582350224,-0.38082641363144,0,0.036322589963675,0.99549686908722,0.087558843195438,0,0.37909030914307,-0.094793573021889,0.92049145698547,-0,-667.21099853516,49.187187194824,270.9303894043,1)
  },
  {
      name = "Dumpster_02",
      matrix = vec.matrix(0.82175445556641,0.0018192428397015,-0.56983894109726,0,0.00058099167654291,0.99999171495438,0.004030367359519,0,0.56984156370163,-0.0036430440377444,0.8217465877533,-0,-640.07525634766,40.994087219238,357.55999755859,1)
  },
  {
      name = "Dumpster_01",
      matrix = vec.matrix(0.81169718503952,0.0032246024347842,-0.58406960964203,0,0.0014591853832826,0.99997043609619,0.0075486269779503,0,0.58407664299011,-0.0069794650189579,0.81166845560074,-0,-638.21966552734,40.992931365967,360.16778564453,1)
  },
  {
      name = "Dumpster_02",
      matrix = vec.matrix(0.81123751401901,0.0024919037241489,-0.58471155166626,0,0.0030702278017998,0.99995899200439,0.0085212718695402,0,0.5847088098526,-0.0087079731747508,0.8111966252327,-0,-636.47021484375,40.987144470215,362.59616088867,1)
  },
  {
      name = "Wheelie_Bin_01",
      matrix = vec.matrix(0.37041705846786,0.0076477266848087,-0.92883402109146,0,-0.0040392428636551,0.99996995925903,0.0066225957125425,0,0.92885679006577,0.0012986636720598,0.37043684720993,-0,-637.05560302734,40.982116699219,363.62619018555,1)
  },
  {
      name = "Dumpster_02",
      matrix = vec.matrix(0.06035827845335,0.0040824054740369,-0.9981684088707,0,0.00041531008901075,0.9999914765358,0.0041149747557938,0,0.99817669391632,-0.00066292216069996,0.060356069356203,-0,-634.84155273438,40.978561401367,363.78527832031,1)
  },
  {
      name = "Dumpster_02",
      matrix = vec.matrix(0.28030979633331,0.02145635895431,-0.95966970920563,0,0.0085951099172235,0.99965399503708,0.024860875681043,0,0.95987105369568,-0.015217213891447,0.28002840280533,-0,-630.39385986328,40.955619812012,364.77835083008,1)
  },
  {
      name = "Dumpster_01",
      matrix = vec.matrix(0.76226234436035,-0.0054355938918889,-0.64724540710449,0,0.010733836330473,0.99993336200714,0.0042437808588147,0,0.64717918634415,-0.010182300582528,0.76226991415024,-0,-624.31964111328,40.849002838135,368.86560058594,1)
  },
  {
      name = "Wheelie_Bin_01",
      matrix = vec.matrix(-0.30535739660263,-0.0056915888562799,-0.95222079753876,0,-0.001293592969887,0.99998366832733,-0.0055622472427785,0,0.95223689079285,-0.000466687255539,-0.30535978078842,-0,-574.08050537109,39.591960906982,461.86123657227,1)
  },
  {
      name = "Dumpster_02",
      matrix = vec.matrix(-0.30140244960785,0.0047851949930191,-0.95348507165909,0,0.0066181914880872,0.99997389316559,0.0029264546465129,0,0.95347416400909,-0.0054283062927425,-0.30142626166344,-0,-570.80596923828,39.592803955078,460.81909179688,1)
  },
  {
      name = "Dumpster_01",
      matrix = vec.matrix(-0.2914819419384,-0.0066568283364177,-0.9565532207489,0,-0.018235696479678,0.99983274936676,-0.0014012175379321,0,0.95640254020691,0.017034985125065,-0.29155457019806,-0,-565.63848876953,39.603275299072,459.1721496582,1)
  },
  {
      name = "Dumpster_02",
      matrix = vec.matrix(-0.97565358877182,-0.00076153175905347,0.21931606531143,0,0.00032573900534771,0.99998784065247,0.004921349696815,0,-0.2193171530962,0.0048729726113379,-0.97564148902893,-0,-491.16589355469,61.048664093018,346.61727905273,1)
  },
  {
      name = "Wheelie_Bin_01",
      matrix = vec.matrix(-0.97598719596863,0.0023550640325993,0.21781511604786,0,0.0012461506994441,0.99998557567596,-0.0052283010445535,0,-0.21782428026199,-0.0048313243314624,-0.97597604990005,-0,-492.13269042969,61.048973083496,342.29241943359,1)
  },
  {
      name = "Dumpster_02",
      matrix = vec.matrix(-0.97641438245773,0.0056267771869898,0.21583189070225,0,0.0077944472432137,0.99992740154266,0.0091934576630592,0,-0.21576447784901,0.010658914223313,-0.97638738155365,-0,-493.37063598633,61.054214477539,336.72164916992,1)
  },
  {
      name = "Wheelie_Bin_01",
      matrix = vec.matrix(-0.97645181417465,0.0031567371916026,0.21571263670921,0,0.0047869104892015,0.99996387958527,0.007035119459033,0,-0.21568264067173,0.0079020522534847,-0.97643166780472,-0,-495.12524414063,61.055988311768,328.77828979492,1)
  },
  {
      name = "Dumpster_01",
      matrix = vec.matrix(-0.15707586705685,0.0024611006956547,-0.98758351802826,0,0.0025867775548249,0.99999451637268,0.0020806007087231,0,0.98758322000504,-0.0022278465330601,-0.15708136558533,-0,-446.771484375,69.993667602539,199.29452514648,1)
  },
  {
      name = "Dumpster_01",
      matrix = vec.matrix(-0.15576405823231,0.0021457807160914,-0.98779207468033,0,-0.0019302758155391,0.99999511241913,0.0024766728747636,0,0.98779255151749,0.002292487770319,-0.15575915575027,-0,-437.13442993164,69.989227294922,197.77368164063,1)
  },
  {
      name = "Dumpster_01",
      matrix = vec.matrix(-0.15574695169926,0.002172663807869,-0.98779463768005,0,-0.0071116518229246,0.9999692440033,0.0033207458909601,0,0.98777145147324,0.007542047649622,-0.15572671592236,-0,-429.96453857422,69.989738464355,196.64309692383,1)
  },
  {
      name = "Wheelie_Bin_01",
      matrix = vec.matrix(-0.15621274709702,-0.00010462650971022,-0.98772352933884,0,-0.0019487173995003,0.99999815225601,0.00020227134518791,0,0.98772168159485,0.0019563913810998,-0.15621267259121,-0,-420.1242980957,69.992286682129,195.09124755859,1)
  },
  {
      name = "Dumpster_01",
      matrix = vec.matrix(-0.15418715775013,0.012543633580208,-0.98796200752258,0,0.0023671314120293,0.99992126226425,0.012326045893133,0,0.9880388379097,-0.0004381180042401,-0.15420471131802,-0,-406.5500793457,69.993614196777,193.37852478027,1)
  },
  {
      name = "Dumpster_02",
      matrix = vec.matrix(-0.18365113437176,-0.0049756392836571,-0.98297894001007,0,-0.011464009992778,0.99993002414703,-0.0029196075629443,0,0.98292469978333,0.010732690803707,-0.18369533121586,-0,-399.61349487305,69.993133544922,192.14468383789,1)
  },
  {
      name = "Wheelie_Bin_01",
      matrix = vec.matrix(0.93424582481384,-0.042527955025434,-0.35408517718315,0,0.047380823642015,0.99886417388916,0.0050430973060429,0,0.35346850752831,-0.021488338708878,0.93519967794418,-0,-268.80184936523,59.955703735352,306.18179321289,1)
  },
  {
      name = "Dumpster_02",
      matrix = vec.matrix(0.35405695438385,0.013515793718398,-0.93512618541718,0,-0.0070487223565578,0.99990576505661,0.011783298105001,0,0.93519735336304,0.0024194861762226,0.35411885380745,-0,-212.29592895508,59.995948791504,360.62603759766,1)
  },
  {
      name = "Wheelie_Bin_01",
      matrix = vec.matrix(-0.96612912416458,-0.0023073700722307,0.25804880261421,0,-0.0024676858447492,0.99999696016312,-0.00029738678131253,0,-0.25804734230042,-0.00092409737408161,-0.96613192558289,-0,-93.970802307129,46.930004119873,305.23986816406,1)
  },
  {
      name = "Dumpster_02",
      matrix = vec.matrix(-0.96944010257721,0.0021272450685501,0.24531890451908,0,0.00094710232224315,0.9999874830246,-0.0049285222776234,0,-0.24532632529736,-0.004545564763248,-0.9694299697876,-0,-97.044380187988,46.926376342773,293.19155883789,1)
  },
  {
      name = "Wheelie_Bin_01",
      matrix = vec.matrix(-0.96948027610779,0.00048901134869084,0.24516901373863,0,6.660233339062e-005,0.99999850988388,-0.0017312178388238,0,-0.24516949057579,-0.0016620527021587,-0.96947890520096,-0,-98.306343078613,46.93119430542,288.2038269043,1)
  },
  {
      name = "Wheelie_Bin_01",
      matrix = vec.matrix(-0.81224942207336,-0.0050279214046896,0.58328860998154,0,-0.0049548679962754,0.9999862909317,0.0017200126312673,0,-0.58328926563263,-0.0014930388424546,-0.81226319074631,-0,-107.11339569092,46.929748535156,270.9421081543,1)
  },
  {
      name = "Dumpster_01",
      matrix = vec.matrix(-0.97238659858704,-0.0141496732831,-0.23294667899609,0,-0.012737382203341,0.99989032745361,-0.0075659463182092,0,0.23302818834782,-0.0043898937292397,-0.97246021032333,-0,-109.15873718262,46.926486968994,259.75250244141,1)
  },
  {
      name = "Wheelie_Bin_01",
      matrix = vec.matrix(-0.93168789148331,0.043645393103361,0.36062830686569,0,0.038365036249161,0.9990262389183,-0.021791568025947,0,-0.36122825741768,-0.0064674224704504,-0.93245512247086,-0,-108.67628479004,46.930335998535,247.25074768066,1)
  },
  {
      name = "Dumpster_01",
      matrix = vec.matrix(-0.93254333734512,-0.038353078067303,0.35901525616646,0,0.020838944241405,0.98696744441986,0.15956550836563,0,-0.3604561984539,0.15628325939178,-0.91959065198898,-0,-113.53817749023,48.227779388428,238.1222076416,1)
  },
  {
      name = "Wheelie_Bin_01",
      matrix = vec.matrix(-0.99711126089096,0.031169371679425,0.069264277815819,0,0.042767882347107,0.98401719331741,0.1728617399931,0,-0.062769249081612,0.17532467842102,-0.98250770568848,-0,-115.72950744629,50.865432739258,222.94686889648,1)
  },
  {
      name = "Dumpster_01",
      matrix = vec.matrix(-0.94973462820053,0.048799049109221,0.30922937393188,0,0.059844877570868,0.99786043167114,0.026330333203077,0,-0.30728286504745,0.043512623757124,-0.95062297582626,-0,-118.0412902832,52.704898834229,209.75335693359,1)
  },
  {
      name = "Wheelie_Bin_01",
      matrix = vec.matrix(-0.90704947710037,0.0034456171561033,0.4210099875927,0,-0.0015599550679326,0.99993216991425,-0.01154447812587,0,-0.42102122306824,-0.011128169484437,-0.90698260068893,-0,-124.00803375244,52.328601837158,194.67643737793,1)
  },
  {
      name = "Dumpster_01",
      matrix = vec.matrix(-0.9969779253006,-0.037871956825256,0.067829489707947,0,-0.038246039301157,0.99925935268402,-0.0042246016673744,0,-0.067619256675243,-0.006806043908,-0.99768799543381,-0,-128.71490478516,52.337493896484,179.81593322754,1)
  },
  {
      name = "Wheelie_Bin_01",
      matrix = vec.matrix(-0.54586851596832,0.041741356253624,0.83683055639267,0,0.016942910850048,0.99910396337509,-0.03878366202116,0,-0.83769959211349,-0.0069924341514707,-0.54608660936356,-0,-132.83113098145,52.357376098633,156.03868103027,1)
  },
  {
      name = "Dumpster_02",
      matrix = vec.matrix(-0.14868685603142,0.04236613586545,-0.98797643184662,0,0.2664615213871,0.96384483575821,0.0012298397487029,0,0.95230805873871,-0.26307484507561,-0.15459999442101,-0,-94.974159240723,44.980644226074,125.73101043701,1)
  },
  {
      name = "Wheelie_Bin_01",
      matrix = vec.matrix(0.98229622840881,0.011402742005885,-0.18698704242706,0,-0.011719804257154,0.99993115663528,-0.00059021613560617,0,0.18696743249893,0.0027712187729776,0.98236221075058,-0,8.8018064498901,34.92569732666,246.21977233887,1)
  },
  {
      name = "Dumpster_02",
      matrix = vec.matrix(0.98030143976212,0.0057460200041533,-0.19742371141911,0,-0.0064668017439544,0.99997454881668,-0.0030064315069467,0,0.19740141928196,0.0042239092290401,0.98031359910965,-0,11.368224143982,34.929210662842,259.11367797852,1)
  },
}
