ParkingLot_PureRace32 = {
  Items = {
    {
      group = "Taxi",
      type = "EditorVehicle",
      matrix = vec.matrix(0.9293741, -0.1241804, -0.3476248, 0, 0.1200612, 0.9922026, -0.03345659, 0, 0.3490689, -0.01064255, 0.9370366, 0, -567.3474, 128.5786, 3823.85, 1),
      damage = 0,
      siren = False
    },
    {
      group = "Sports",
      type = "EditorVehicle",
      matrix = vec.matrix(0.9146601, -0.1246929, -0.3845108, 0, 0.1213442, 0.9920596, -0.03306568, 0, 0.3855807, -0.01641429, 0.9225281, 0, -564.6741, 128.2642, 3823.085, 1),
      damage = 0,
      siren = False
    },
    {
      group = "SUV",
      type = "EditorVehicle",
      matrix = vec.matrix(0.9436131, -0.1249387, -0.3065691, 0, 0.1209496, 0.9921409, -0.03205523, 0, 0.3081647, -0.006831681, 0.9513085, 0, -559.3026, 127.6031, 3820.595, 1),
      damage = 0,
      siren = False
    },
    {
      group = "Saloon",
      type = "EditorVehicle",
      matrix = vec.matrix(0.9356484, -0.06440816, -0.3470069, 0, 0.06587169, 0.9977993, -0.007589684, 0, 0.3467321, -0.01575666, 0.9378319, 0, -555.3408, 127.2162, 3819.195, 1),
      damage = 0,
      siren = False
    },
    {
      group = "Sports",
      type = "EditorVehicle",
      matrix = vec.matrix(0.9342254, -0.08588123, -0.3461896, 0, 0.08647784, 0.9961588, -0.01375418, 0, 0.3460411, -0.01708823, 0.9380637, 0, -552.7602, 127.0127, 3817.755, 1),
      damage = 0,
      siren = False
    },
    {
      group = "SUV",
      type = "EditorVehicle",
      matrix = vec.matrix(0.9466908, -0.08459052, -0.3108392, 0, 0.08533041, 0.9962893, -0.01124414, 0, 0.3106369, -0.01587931, 0.950396, 0, -549.5022, 126.7533, 3817.338, 1),
      damage = 0,
      siren = False
    },
    {
      group = "Sports",
      type = "EditorVehicle",
      matrix = vec.matrix(0.9262035, -0.0850898, -0.3672964, 0, 0.08662672, 0.9961646, -0.01233191, 0, 0.366937, -0.02039582, 0.9300222, 0, -547.2206, 126.5567, 3815.744, 1),
      damage = 0,
      siren = False
    },
    {
      group = "Saloon",
      type = "EditorVehicle",
      matrix = vec.matrix(0.919192, -0.1164485, -0.3761992, 0, 0.1148191, 0.993024, -0.02683521, 0, 0.3766997, -0.01852814, 0.9261503, 0, -572.1498, 128.5873, 3804.82, 1),
      damage = 0,
      siren = False
    },
    {
      group = "Old Muscle",
      type = "EditorVehicle",
      matrix = vec.matrix(-0.9524063, 0.1264996, 0.2773452, 0, 0.1215961, 0.9919666, -0.03488263, 0, -0.2795298, 0.0005016476, -0.9601371, 0, -569.3476, 128.2513, 3804.879, 1),
      damage = 0,
      siren = False
    },
    {
      group = "Old Muscle",
      type = "EditorVehicle",
      matrix = vec.matrix(-0.9805273, 0.1244465, 0.1519192, 0, 0.1208848, 0.9921345, -0.03249652, 0, -0.1547683, -0.01349901, -0.9878586, 0, -566.3553, 127.8945, 3803.833, 1),
      damage = 0,
      siren = False
    },
    {
      group = "Sports",
      type = "EditorVehicle",
      matrix = vec.matrix(-0.9008658, 0.07065489, 0.4283091, 0, 0.07161416, 0.9973357, -0.01389627, 0, -0.4281498, 0.01815432, -0.9035255, 0, -563.3247, 127.5561, 3802.625, 1),
      damage = 0,
      siren = False
    },
    {
      group = "Saloon",
      type = "EditorVehicle",
      matrix = vec.matrix(0.9571264, -0.07159053, -0.2806844, 0, 0.07160538, 0.9973808, -0.01021649, 0, 0.2806807, -0.01032005, 0.9597458, 0, -559.7214, 127.2904, 3799.714, 1),
      damage = 0,
      siren = False
    },
    {
      group = "SUV",
      type = "EditorVehicle",
      matrix = vec.matrix(-0.9649668, 0.06391142, 0.254469, 0, 0.06344169, 0.9979349, -0.01006137, 0, -0.2545865, 0.006435057, -0.9670287, 0, -556.6658, 127.098, 3799.696, 1),
      damage = 0,
      siren = False
    },
    {
      group = "Taxi",
      type = "EditorVehicle",
      matrix = vec.matrix(-0.9548531, 0.05423188, 0.2920866, 0, 0.0556431, 0.9984447, -0.0034803, 0, -0.291821, 0.01292943, -0.9563856, 0, -553.7492, 126.9035, 3799.891, 1),
      damage = 0,
      siren = False
    },
    {
      group = "Sports",
      type = "EditorVehicle",
      matrix = vec.matrix(-0.9644874, 0.03654272, 0.2615888, 0, 0.04087437, 0.9991023, 0.0111354, 0, -0.2609471, 0.02143223, -0.9651152, 0, -551.0607, 126.8125, 3797.802, 1),
      damage = 0,
      siren = False
    },
    {
      group = "Sports",
      type = "EditorVehicle",
      matrix = vec.matrix(-0.9468105, 0.0335989, 0.3200327, 0, 0.03921891, 0.9991686, 0.01112982, 0, -0.3193927, 0.02308916, -0.9473411, 0, -537.7891, 126.1247, 3812.588, 1),
      damage = 0,
      siren = False
    },
    {
      group = "Taxi",
      type = "EditorVehicle",
      matrix = vec.matrix(-0.9506121, 0.01210328, 0.3101456, 0, 0.01734802, 0.9997493, 0.01415784, 0, -0.3098964, 0.01883903, -0.9505838, 0, -535.0604, 126.0561, 3811.644, 1),
      damage = 0,
      siren = False
    },
    {
      group = "SUV",
      type = "EditorVehicle",
      matrix = vec.matrix(-0.9368514, 0.0004109087, 0.3497277, 0, 0.006174759, 0.9998628, 0.01536618, 0, -0.3496734, 0.01655531, -0.9367254, 0, -529.6199, 126.0528, 3809.297, 1),
      damage = 0,
      siren = False
    },
    {
      group = "PickUp",
      type = "EditorVehicle",
      matrix = vec.matrix(-0.9430331, 0.001215068, 0.3326968, 0, 0.006620714, 0.9998639, 0.01511481, 0, -0.3326331, 0.01645646, -0.9429128, 0, -532.1792, 126.05, 3810.346, 1),
      damage = 0,
      siren = False
    },
    {
      group = "Van",
      type = "EditorVehicle",
      matrix = vec.matrix(0.963517, -0.000503394, -0.2676471, 0, 0.005274429, 0.9998398, 0.01710719, 0, 0.2675956, -0.01789475, 0.9633653, 0, -525.5385, 126.0522, 3807.775, 1),
      damage = 0,
      siren = False
    },
    {
      group = "PickUp",
      type = "EditorVehicle",
      matrix = vec.matrix(0.9294493, -0.009730103, -0.3688218, 0, 0.01322656, 0.9998884, 0.006952959, 0, 0.368713, -0.01134067, 0.9294742, 0, -523.004, 126.0395, 3806.805, 1),
      damage = 0,
      siren = False
    },
    {
      group = "SUV",
      type = "EditorVehicle",
      matrix = vec.matrix(-0.9391013, 0.01158763, 0.3434453, 0, 0.01205496, 0.999927, -0.0007743801, 0, -0.3434292, 0.003412997, -0.9391725, 0, -519.626, 125.9897, 3806.406, 1),
      damage = 0,
      siren = False
    },
    {
      group = "Saloon",
      type = "EditorVehicle",
      matrix = vec.matrix(-0.9305997, 0.001291275, 0.3660363, 0, 0.002334159, 0.9999944, 0.002406593, 0, -0.3660311, 0.003093961, -0.9305975, 0, -517.1497, 126.0081, 3804.788, 1),
      damage = 0,
      siren = False
    },
    {
      group = "PickUp",
      type = "EditorVehicle",
      matrix = vec.matrix(0.9995591, -0.02194073, 0.02000933, 0, 0.02188752, 0.9997563, 0.002874545, 0, -0.02006753, -0.002435323, 0.9997958, 0, -520.5411, 126.0304, 3793.376, 1),
      damage = 0,
      siren = False
    },
    {
      group = "Tow Truck",
      type = "EditorVehicle",
      matrix = vec.matrix(0.9997156, -0.0226783, 0.007374921, 0, 0.0226486, 0.9997352, 0.004085052, 0, -0.00746561, -0.003916858, 0.9999645, 0, -523.2251, 126.0823, 3793.927, 1),
      damage = 0,
      siren = False
    },
    {
      group = "Van",
      type = "EditorVehicle",
      matrix = vec.matrix(0.999781, -0.02025408, 0.00527443, 0, 0.02023351, 0.9997876, 0.003924702, 0, -0.005352801, -0.003817122, 0.9999785, 0, -526.626, 126.1475, 3794.523, 1),
      damage = 0,
      siren = False
    },
    {
      group = "Saloon",
      type = "EditorVehicle",
      matrix = vec.matrix(0.9965875, -0.02444332, 0.07884156, 0, 0.02416812, 0.9996981, 0.004443049, 0, -0.07892635, -0.002522436, 0.9968773, 0, -529.2841, 126.2023, 3793.851, 1),
      damage = 0,
      siren = False
    },
    {
      group = "SUV",
      type = "EditorVehicle",
      matrix = vec.matrix(-0.9996899, 0.02285329, -0.009897728, 0, 0.02275679, 0.9996935, 0.009754964, 0, 0.01011763, 0.009526699, -0.9999035, 0, -533.676, 126.2793, 3795.409, 1),
      damage = 0,
      siren = False
    },
    {
      group = "Saloon",
      type = "EditorVehicle",
      matrix = vec.matrix(0.9991953, -0.001731429, 0.04007229, 0, 0.0009936085, 0.9998298, 0.01842484, 0, -0.04009737, -0.0183702, 0.999027, 0, -536.5506, 126.3203, 3794.423, 1),
      damage = 0,
      siren = False
    },
    {
      group = "Tow Truck",
      type = "EditorVehicle",
      matrix = vec.matrix(-0.9981135, 0.04902399, 0.03696236, 0, 0.04926453, 0.9987699, 0.005624702, 0, -0.03664114, 0.007435023, -0.9993008, 0, -539.8848, 126.4085, 3795.193, 1),
      damage = 0,
      siren = False
    }
  }
}
