missionProps = missionProps or {}
missionProps.PureRace25 = {
  {
    name = "Trailer",
    matrix = vec.matrix(-0.420648, 0.003166043, 0.9072185, 0, -0.004780089, 0.9999723, -0.005706111, 0, -0.9072114, -0.006736849, -0.4206212, 0, -3372.204, 75.59602, 3978.255, 1)
  },
  {
    name = "Trailer",
    matrix = vec.matrix(-0.02545757, 0.001959337, 0.999674, 0, 0.0004449171, 0.9999981, -0.001948642, 0, -0.9996759, 0.0003951644, -0.02545839, 0, -3383.911, 75.51775, 3996.306, 1)
  },
  {
    name = "Trailer",
    matrix = vec.matrix(-0.94813, -0.004717973, 0.3178478, 0, -0.02472816, 0.9979547, -0.05895019, 0, -0.3169196, -0.06375224, -0.9463074, 0, -912.3364, 67.32239, 1563.465, 1)
  },
  {
    name = "Trailer",
    matrix = vec.matrix(0.9593496, 0.01236648, -0.2819494, 0, -0.02010696, 0.9994958, -0.02457661, 0, 0.2815033, 0.02924671, 0.9591146, 0, -2313.891, 176.7863, 3817.246, 1)
  },
  {
    name = "Trailer",
    matrix = vec.matrix(0.9159464, 0.01084332, 0.4011542, 0, 1.144037E-05, 0.9996342, -0.02704654, 0, -0.4013008, 0.02477776, 0.9156112, 0, -2318.72, 176.7847, 3841.069, 1)
  },
  {
    name = "Barrier_Barracade_Concrete",
    matrix = vec.matrix(-0.8647173, 0.002844945, -0.5022509, 0, 0.007968483, 0.9999359, -0.008055182, 0, 0.5021958, -0.01096763, -0.8646845, 0, -2118.27, 177.175, 4015.657, 1)
  },
  {
    name = "Barrier_Barracade_Concrete",
    matrix = vec.matrix(-0.8824042, 0.009728734, -0.4703916, 0, 0.008033109, 0.999952, 0.005611959, 0, 0.4704236, 0.00117331, -0.88244, 0, -2115.961, 177.157, 4011.64, 1)
  },
  {
    name = "Barrier_Barracade_Concrete",
    matrix = vec.matrix(-0.8809263, 0.009696285, -0.4731544, 0, 0.006477875, 0.9999435, 0.00843109, 0, 0.4732094, 0.004362133, -0.8809393, 0, -2113.771, 177.1763, 4007.454, 1)
  },
  {
    name = "Barrier_Barracade_Concrete",
    matrix = vec.matrix(-0.8770252, 0.01399753, -0.4802405, 0, 0.01125397, 0.9998998, 0.008591758, 0, 0.4803126, 0.002130575, -0.8770949, 0, -2111.16, 177.2039, 4002.914, 1)
  },
  {
    name = "Hay_Bale",
    matrix = vec.matrix(-0.7473897, 0.008543938, -0.664331, 0, 0.02522756, 0.9995612, -0.01552634, 0, 0.6639068, -0.02836367, -0.7472773, 0, -2113.539, 177.1049, 4015.894, 1)
  },
  {
    name = "Hay_Bale",
    matrix = vec.matrix(-0.9926604, 0.01321437, -0.1202107, 0, 0.01101533, 0.99976, 0.01893942, 0, 0.1204321, 0.01747625, -0.9925677, 0, -2111.557, 177.1529, 4008.843, 1)
  },
  {
    name = "Hay_Bale",
    matrix = vec.matrix(0.999015, -0.0005710811, -0.04437049, 0, 0.0006412329, 0.9999986, 0.001566831, 0, 0.04436953, -0.001593739, 0.999014, 0, -2108.458, 177.1645, 4005.762, 1)
  },
  {
    name = "Hay_Bale",
    matrix = vec.matrix(0.9741946, -0.00576009, 0.2256367, 0, -0.0001070252, 0.9996624, 0.02598163, 0, -0.2257102, -0.02533531, 0.9738651, 0, -2109.079, 177.1406, 4008.774, 1)
  },
  {
    name = "Hay_Bale",
    matrix = vec.matrix(0.9945716, -0.005528262, -0.103908, 0, 0.007473339, 0.9998039, 0.01833923, 0, 0.1037862, -0.01901622, 0.9944178, 0, -2109.863, 177.1062, 4011.185, 1)
  },
  {
    name = "Hay_Bale",
    matrix = vec.matrix(0.6682726, -0.03602454, -0.7430437, 0, 0.03091537, 0.9993088, -0.02064448, 0, 0.7432739, -0.009175329, 0.6689244, 0, -2113.674, 177.1044, 4016.549, 1)
  },
  {
    name = "Hay_Bale",
    matrix = vec.matrix(-0.3233178, 0.02406215, -0.9459845, 0, 0.02370763, 0.9995689, 0.01732236, 0, 0.9459935, -0.01682642, -0.3237489, 0, -2108.837, 177.0074, 4015.896, 1)
  },
  {
    name = "Hay_Bale",
    matrix = vec.matrix(-0.1643392, -0.0255821, 0.9860721, 0, -0.0006266872, 0.9996662, 0.02583034, 0, -0.9864037, 0.003626977, -0.1643003, 0, -2106.2, 177.1141, 4009.544, 1)
  },
  {
    name = "Hay_Bale",
    matrix = vec.matrix(-0.9075988, 0.003100552, 0.4198271, 0, 0.00442089, 0.9999879, 0.002172037, 0, -0.4198153, 0.003827347, -0.9076015, 0, -2109.904, 177.195, 4003.957, 1)
  },
  {
    name = "Barrier_Barracade_Concrete",
    matrix = vec.matrix(-0.7085887, -0.0002204951, 0.7056218, 0, -0.03827028, 0.9985401, -0.03811916, 0, -0.7045832, -0.05401514, -0.7075627, 0, -1815.466, 177.2389, 3827.314, 1)
  },
  {
    name = "Barrier_Barracade_Concrete",
    matrix = vec.matrix(-0.7093073, 0.001486535, 0.7048979, 0, -0.01485623, 0.9997442, -0.01705749, 0, -0.704743, -0.02257113, -0.7091037, 0, -1809.707, 177.5183, 3833.123, 1)
  },
  {
    name = "Barrier_Barracade_Concrete",
    matrix = vec.matrix(-0.7110004, 0.0006867544, 0.7031914, 0, 0.01583584, 0.9997616, 0.01503531, 0, -0.7030134, 0.02182574, -0.7108417, 0, -1805.945, 177.437, 3836.923, 1)
  },
  {
    name = "Barrier_Barracade_Concrete",
    matrix = vec.matrix(-0.7126315, 0.001237112, 0.7015375, 0, 0.03243048, 0.9989875, 0.03118169, 0, -0.7007887, 0.04497226, -0.7119501, 0, -1801.729, 177.2454, 3841.198, 1)
  },
  {
    name = "Barrier_Barracade_Concrete",
    matrix = vec.matrix(0.7150571, 0.02442544, 0.6986393, 0, -0.02054311, 0.999692, -0.01392481, 0, -0.6987641, -0.004395186, 0.7153386, 0, -1837.298, 177.3201, 3836.896, 1)
  },
  {
    name = "Barrier_Barracade_Concrete",
    matrix = vec.matrix(-0.9754013, -0.01181185, 0.22012, 0, -0.01675009, 0.9996479, -0.02058135, 0, -0.2197994, -0.0237621, -0.9752557, 0, -1515.819, 177.3167, 3911.759, 1)
  },
  {
    name = "Barrier_Barracade_Concrete",
    matrix = vec.matrix(-0.9757993, 0.006068247, 0.2185841, 0, 0.005698795, 0.999981, -0.002320629, 0, -0.218594, -0.001018802, -0.9758154, 0, -1514.022, 177.335, 3919.727, 1)
  },
  {
    name = "Barrier_Barracade_Concrete",
    matrix = vec.matrix(-0.9736701, 0.0493704, 0.2225519, 0, 0.0498507, 0.9987507, -0.003462493, 0, -0.2224448, 0.007723045, -0.9749148, 0, -1512.204, 177.2911, 3927.744, 1)
  },
  {
    name = "Barrier_Barracade_Concrete",
    matrix = vec.matrix(-0.8194987, -0.0289082, -0.5723516, 0, -0.04577105, 0.9988381, 0.01508636, 0, 0.5712504, 0.03856038, -0.8198697, 0, -1514.785, 177.2176, 3938.787, 1)
  },
  {
    name = "Barrier_Barracade_Concrete",
    matrix = vec.matrix(-0.8415614, -0.0002516354, 0.5401615, 0, -0.0039486, 0.999976, -0.005686004, 0, -0.5401471, -0.006918003, -0.8415422, 0, -1067.076, 56.89242, 1043.512, 1)
  },
  {
    name = "Barrier_Barracade_Concrete",
    matrix = vec.matrix(0.07319616, 0.004368626, 0.997308, 0, -0.05803683, 0.9983144, -0.0001134952, 0, -0.9956275, -0.05787229, 0.07332633, 0, -1583.595, 186.7854, 4342.91, 1)
  },
  {
    name = "Barrier_Barracade_Concrete",
    matrix = vec.matrix(0.07640725, 0.02708441, 0.9967088, 0, -0.04532769, 0.9986919, -0.0236635, 0, -0.9960459, -0.04337044, 0.07753498, 0, -1587.774, 186.6149, 4343.225, 1)
  },
  {
    name = "Barrier_Barracade_Concrete",
    matrix = vec.matrix(0.07744346, 0.00428439, 0.9969876, 0, 0.02352312, 0.9997045, -0.006123282, 0, -0.9967193, 0.02392647, 0.07731979, 0, -1591.875, 186.6545, 4343.554, 1)
  },
  {
    name = "Barrier_Barracade_Concrete",
    matrix = vec.matrix(0.07310908, -0.01697582, 0.9971795, 0, 0.07559422, 0.9970731, 0.01143176, 0, -0.994455, 0.07454525, 0.07417837, 0, -1596.887, 186.8596, 4343.951, 1)
  },
  {
    name = "Barrier_Barracade_Concrete",
    matrix = vec.matrix(-0.9225288, 0.02240772, -0.3852772, 0, 0.02347928, 0.9997225, 0.001923775, 0, 0.3852134, -0.007271294, -0.9227989, 0, -1348.972, 179.5782, 4291.519, 1)
  },
  {
    name = "Barrier_Barracade_Concrete",
    matrix = vec.matrix(-0.919796, 0.007108599, -0.3923323, 0, 0.007149969, 0.9999736, 0.001355731, 0, 0.3923316, -0.001558168, -0.9198226, 0, -1347.118, 179.5963, 4287.06, 1)
  },
  {
    name = "Barrier_Barracade_Concrete",
    matrix = vec.matrix(-0.9200568, -0.01640772, -0.3914413, 0, -0.01391191, 0.9998608, -0.009211315, 0, 0.3915379, -0.003029236, -0.9201571, 0, -1345.428, 179.5798, 4283.026, 1)
  },
  {
    name = "Barrier_Barracade_Concrete",
    matrix = vec.matrix(-0.9238319, -0.003745058, -0.3827803, 0, -0.02530224, 0.9983628, 0.05129859, 0, 0.3819615, 0.05707647, -0.9224142, 0, -1343.808, 179.7105, 4279.182, 1)
  },
  {
    name = "Barrier_Barracade_Concrete",
    matrix = vec.matrix(-0.3350491, 0.005629779, -0.9421839, 0, 0.005180978, 0.9999781, 0.004132711, 0, 0.9421865, -0.003496773, -0.3350709, 0, -1477.276, 177.5488, 4018.133, 1)
  },
  {
    name = "Barrier_Barracade_Concrete",
    matrix = vec.matrix(-0.3360605, -0.002263673, -0.9418377, 0, 0.001116624, 0.9999955, -0.00280188, 0, 0.9418398, -0.00199328, -0.3360565, 0, -1483.82, 177.5182, 4020.441, 1)
  },
  {
    name = "Barrier_Barracade_Concrete",
    matrix = vec.matrix(-0.3388032, 0.007269921, -0.9408293, 0, 0.01213986, 0.9999207, 0.003354829, 0, 0.9407791, -0.01028491, -0.3388646, 0, -1471.077, 177.5193, 4015.874, 1)
  },
  {
    name = "Barrier_Barracade_Concrete",
    matrix = vec.matrix(-0.7607313, 0.05452584, -0.6467727, 0, 0.08451501, 0.996303, -0.01541337, 0, 0.6435412, -0.06638743, -0.7625272, 0, -756.9711, 147.8826, 3995.824, 1)
  },
  {
    name = "Barrier_Barracade_Concrete",
    matrix = vec.matrix(-0.771515, 0.04958684, -0.6342759, 0, 0.02633567, 0.9985926, 0.04603468, 0, 0.6356659, 0.01881237, -0.7717351, 0, -754.1972, 147.722, 3992.613, 1)
  },
  {
    name = "Barrier_Barracade_Concrete",
    matrix = vec.matrix(-0.7544051, 0.08231686, -0.6512272, 0, 0.01596046, 0.9941127, 0.1071693, 0, 0.6562151, 0.07045521, -0.7512775, 0, -751.3807, 147.9185, 3989.295, 1)
  }
}
