missionProps = missionProps or {}
missionProps.QualifyingDriverMadness02 = {
  {
    name = "DO_NOT_USE_reinforced_concrete_pipe_MULTIPLAYER_ONLY",
    matrix = vec.matrix(-0.98424005508423,0.04503521323204,-0.17100723087788,0,0.045726381242275,0.99895405769348,-0.0001030871499097,0,0.17082372307777,-0.0079210046678782,-0.98526990413666,-0,-903.89959716797,145.82383728027,3787.0463867188,1)
  },
  {
    name = "DO_NOT_USE_reinforced_concrete_pipe_MULTIPLAYER_ONLY",
    matrix = vec.matrix(-0.98287403583527,0.045849923044443,-0.17848372459412,0,0.053124148398638,0.99793195724487,-0.036189530044794,0,0.17645531892776,-0.045051544904709,-0.98327714204788,-0,-899.02453613281,145.9059753418,3763.8530273438,1)
  },
  {
    name = "DO_NOT_USE_reinforced_concrete_pipe_MULTIPLAYER_ONLY",
    matrix = vec.matrix(-0.98944562673569,0.045052997767925,-0.13772319257259,0,0.040897093713284,0.99862289428711,0.032859422266483,0,0.13901394605637,0.026880133897066,-0.98992562294006,-0,-901.97839355469,145.99760437012,3776.1350097656,1)
  },
  {
    name = "DO_NOT_USE_Barrier_Barracade_Concrete_MULTIPLAYER_ONLY",
    matrix = vec.matrix(-0.98584371805191,0.0090912058949471,-0.16742049157619,0,0.0099520469084382,0.99994122982025,-0.0043034795671701,0,0.16737152636051,-0.0059087350964546,-0.98587626218796,-0,-894.79931640625,145.72142028809,3755.03125,1)
  },
  {
    name = "DO_NOT_USE_reinforced_concrete_pipe_MULTIPLAYER_ONLY",
    matrix = vec.matrix(0.142248660326,-0.0013592840405181,-0.98983001708984,0,0.066061168909073,0.99778258800507,0.0081234583631158,0,0.98762410879135,-0.066544875502586,0.14202302694321,-0,-711.75939941406,142.82229614258,3881.4812011719,1)
  },
  {
    name = "DO_NOT_USE_reinforced_concrete_pipe_MULTIPLAYER_ONLY",
    matrix = vec.matrix(0.1283652484417,0.0032826387323439,-0.99172151088715,0,0.031467504799366,0.9994775056839,0.0073813642375171,0,0.99122762680054,-0.032154511660337,0.12819488346577,-0,-704.33563232422,142.37622070313,3882.2614746094,1)
  },
  {
    name = "DO_NOT_USE_reinforced_concrete_pipe_MULTIPLAYER_ONLY",
    matrix = vec.matrix(-0.99130231142044,0.13160309195518,-0.00055226474069059,0,0.13160328567028,0.99130249023438,-0.00031126296380535,0,0.00050649821059778,-0.00038123555714265,-0.99999982118607,-0,-424.57482910156,124.28545379639,3790.1848144531,1)
  },
  {
    name = "DO_NOT_USE_reinforced_concrete_pipe_MULTIPLAYER_ONLY",
    matrix = vec.matrix(-0.99164164066315,0.12898482382298,-0.0031329607591033,0,0.12898829579353,0.99164569377899,-0.0009318171069026,0,0.0029865968972445,-0.001328143873252,-0.99999469518661,-0,-424.52676391602,124.45610809326,3779.3754882813,1)
  },
  {
    name = "DO_NOT_USE_reinforced_concrete_pipe_MULTIPLAYER_ONLY",
    matrix = vec.matrix(-0.99146348237991,0.12990979850292,0.011115157045424,0,0.12940756976604,0.99086886644363,-0.037849444895983,0,-0.015930676832795,-0.036087956279516,-0.99922162294388,-0,-422.55172729492,124.19402313232,3767.9975585938,1)
  },
  {
    name = "DO_NOT_USE_Barrier_Barracade_Concrete_MULTIPLAYER_ONLY",
    matrix = vec.matrix(0.99199938774109,-0.12471940368414,0.019557110965252,0,0.12442975491285,0.99210906028748,0.015391515567899,0,-0.021322406828403,-0.012834887951612,0.99969035387039,-0,-423.96841430664,124.22513580322,3757.1513671875,1)
  },
  {
    name = "DO_NOT_USE_reinforced_concrete_pipe_MULTIPLAYER_ONLY",
    matrix = vec.matrix(0.00068285863380879,-0.0012800812255591,0.99999892711639,0,-0.0052207261323929,0.99998557567596,0.0012836290989071,0,-0.99998617172241,-0.0052215969190001,0.0006761658587493,-0,-474.71615600586,125.92641448975,3717.6391601563,1)
  },
  {
    name = "DO_NOT_USE_reinforced_concrete_pipe_MULTIPLAYER_ONLY",
    matrix = vec.matrix(-0.0019426912767813,-0.018129836767912,-0.99983382225037,0,-0.0092154070734978,0.99979346990585,-0.018111201003194,0,0.99995571374893,0.0091786915436387,-0.0021093639079481,-0,-491.78506469727,125.92772674561,3717.6643066406,1)
  },
  {
    name = "DO_NOT_USE_Barrier_Barracade_Concrete_MULTIPLAYER_ONLY",
    matrix = vec.matrix(0.8823926448822,-0.024920715019107,0.46985346078873,0,0.039139088243246,0.99902313947678,-0.020516334101558,0,-0.46888318657875,0.036493100225925,0.88250601291656,-0,-897.40594482422,145.9430847168,3766.3754882813,1)
  },
}
