missionProps = missionProps or {}
missionProps.QualifyingDriverMadness01 = {
  {
    name = "DO_NOT_USE_reinforced_concrete_pipe_MULTIPLAYER_ONLY",
    matrix = vec.matrix(0.65861970186234,7.1152469899971e-005,0.75247609615326,0,-0.0049180230125785,0.99997907876968,0.0042100418359041,0,-0.75246006250381,-0.0064735114574432,0.65860629081726,-0,-3038.4770507813,113.6943359375,-3011.5895996094,1)
  },
  {
    name = "DO_NOT_USE_Barrier_Barracade_Concrete_MULTIPLAYER_ONLY",
    matrix = vec.matrix(-0.65572309494019,8.3122162322979e-005,-0.75500154495239,0,0.007634149864316,0.99994957447052,-0.0065202126279473,0,0.75496292114258,-0.010039249435067,-0.65569067001343,-0,-3044.5625,113.67383575439,-3005.8957519531,1)
  },
  {
    name = "DO_NOT_USE_reinforced_concrete_pipe_MULTIPLAYER_ONLY",
    matrix = vec.matrix(-0.538558781147,-0.00015234830789268,-0.8425880074501,0,0.0054471581242979,0.99997842311859,-0.0036624777130783,0,0.84257036447525,-0.0065621696412563,-0.53854632377625,-0,-3199.7802734375,113.692527771,-3185.25390625,1)
  },
  {
    name = "DO_NOT_USE_reinforced_concrete_pipe_MULTIPLAYER_ONLY",
    matrix = vec.matrix(0.53082710504532,-0.00016294019587804,0.84748017787933,0,-0.0036217409651726,0.99999040365219,0.0024607740342617,0,-0.84747248888016,-0.0043755993247032,0.53082144260406,-0,-3187.7768554688,113.69264984131,-3191.2873535156,1)
  },
}
