missionProps = missionProps or {}
missionProps.SprintRace38 = {
  {
    name = "MP_Thin_Ramp",
    matrix = vec.matrix(-0.91437655687332,0.022428970783949,-0.4042432308197,0,0.020190166309476,0.99974817037582,0.0098008066415787,0,0.40436124801636,0.00079988967627287,-0.91459912061691,-0,-3118.3627929688,65.840980529785,1078.4625244141,1)
  },
  {
    name = "MP_Thin_Ramp",
    matrix = vec.matrix(-0.88324421644211,-0.011816422455013,-0.46876439452171,0,-0.010650306008756,0.99993014335632,-0.0051385639235377,0,0.46879234910011,0.00045387726277113,-0.88330835103989,-0,-3107.11328125,65.815742492676,1083.6235351563,1)
  },
  {
    name = "MP_Thin_Ramp",
    matrix = vec.matrix(-0.91702550649643,-0.010960650630295,-0.39867794513702,0,-0.010514161549509,0.99993926286697,-0.0033065062016249,0,0.39868995547295,0.00115961371921,-0.91708505153656,-0,-3115.0317382813,65.871490478516,1086.5290527344,1)
  },
}
