missionProps = missionProps or {}
missionProps.SprintRace37 = {
  {
    name = "reinforced_concrete_pipe",
    matrix = vec.matrix(-0.9440178, -7.734059E-05, 0.3298946, 0, -0.01952592, 0.9982599, -0.05564084, 0, -0.3293163, -0.05896745, -0.9423766, 0, -905.6571, 68.54559, 1583.05, 1)
  },
  {
    name = "reinforced_concrete_pipe",
    matrix = vec.matrix(-0.9422253, 0.0007147181, 0.3349792, 0, -0.02273653, 0.9975553, -0.06608143, 0, -0.3342075, -0.06987985, -0.9399055, 0, -908.9762, 67.93885, 1573.238, 1)
  },
  {
    name = "reinforced_concrete_pipe",
    matrix = vec.matrix(-0.94813, -0.004717973, 0.3178478, 0, -0.02472816, 0.9979547, -0.05895019, 0, -0.3169196, -0.06375224, -0.9463074, 0, -912.3364, 67.32239, 1563.465, 1)
  },
  {
    name = "reinforced_concrete_pipe",
    matrix = vec.matrix(-0.9445257, -0.00034245, 0.3284376, 0, -0.02882939, 0.996226, -0.08186924, 0, -0.3271701, -0.08679625, -0.940971, 0, -915.8832, 66.7259, 1553.788, 1)
  },
  {
    name = "reinforced_concrete_pipe",
    matrix = vec.matrix(-0.9450476, 0.0007247014, 0.3269322, 0, -0.01973595, 0.9980474, -0.05926213, 0, -0.3263368, -0.06245784, -0.9431879, 0, -918.9215, 66.08212, 1544.438, 1)
  },
  {
    name = "reinforced_concrete_pipe",
    matrix = vec.matrix(-0.9450571, 0.00101812, 0.3269039, 0, -0.01571157, 0.9986981, -0.04853145, 0, -0.3265277, -0.05100117, -0.9438107, 0, -922.2603, 65.57156, 1534.386, 1)
  },
  {
    name = "reinforced_concrete_pipe",
    matrix = vec.matrix(-0.9448215, 0.003469526, 0.3275676, 0, -0.01153967, 0.9989709, -0.0438654, 0, -0.3273827, -0.04522499, -0.9438091, 0, -925.5059, 65.0605, 1524.775, 1)
  },
  {
    name = "reinforced_concrete_pipe",
    matrix = vec.matrix(-0.9446479, 0.003661565, 0.3280654, 0, -0.01977378, 0.9974846, -0.06807063, 0, -0.3274894, -0.07078987, -0.9421993, 0, -928.8536, 64.55196, 1515.086, 1)
  },
  {
    name = "reinforced_concrete_pipe",
    matrix = vec.matrix(-0.9425465, 0.003898373, 0.3340522, 0, -0.01380669, 0.998623, -0.05061021, 0, -0.3337895, -0.05231463, -0.9411948, 0, -931.9427, 64.16381, 1505.616, 1)
  },
  {
    name = "reinforced_concrete_pipe",
    matrix = vec.matrix(-0.9444103, -9.455871E-05, 0.3287692, 0, -0.01222997, 0.999318, -0.03484394, 0, -0.3285417, -0.03692782, -0.9437674, 0, -935.2753, 63.87875, 1496.282, 1)
  },
  {
    name = "reinforced_concrete_pipe",
    matrix = vec.matrix(-0.9586388, -0.004713632, 0.2845865, 0, -0.01510313, 0.9992967, -0.03432395, 0, -0.2842245, -0.03720242, -0.9580358, 0, -938.2482, 63.59583, 1486.777, 1)
  },
  {
    name = "reinforced_concrete_pipe",
    matrix = vec.matrix(-0.9603113, 0.002789349, 0.2789165, 0, -0.0062236, 0.9994869, -0.03142342, 0, -0.278861, -0.03191213, -0.9598012, 0, -941.3191, 63.33012, 1477.007, 1)
  },
  {
    name = "reinforced_concrete_pipe",
    matrix = vec.matrix(-0.958796, 0.002424492, 0.2840854, 0, -0.007529423, 0.9993955, -0.03394123, 0, -0.2839959, -0.03468172, -0.9581981, 0, -944.3489, 62.92748, 1467.26, 1)
  },
  {
    name = "reinforced_concrete_pipe",
    matrix = vec.matrix(-0.9585221, 0.0002318914, 0.2850183, 0, -0.01080375, 0.9992515, -0.03714621, 0, -0.2848136, -0.03868473, -0.9578022, 0, -947.2258, 62.51893, 1457.43, 1)
  },
  {
    name = "reinforced_concrete_pipe",
    matrix = vec.matrix(-0.9603695, 0.001235677, 0.2787274, 0, -0.01457328, 0.9983998, -0.05463915, 0, -0.2783489, -0.05653574, -0.9588147, 0, -949.7401, 62.06576, 1447.807, 1)
  },
  {
    name = "reinforced_concrete_pipe",
    matrix = vec.matrix(-0.9602119, 0.001300505, 0.2792697, 0, -0.01497449, 0.9983109, -0.05613568, 0, -0.278871, -0.05808407, -0.9585705, 0, -952.7672, 61.53504, 1438.321, 1)
  },
  {
    name = "reinforced_concrete_pipe",
    matrix = vec.matrix(-0.960561, 0.0001159488, 0.2780695, 0, -0.0187548, 0.9976959, -0.06520245, 0, -0.2774364, -0.06784607, -0.9583457, 0, -955.5109, 60.9536, 1428.392, 1)
  },
  {
    name = "reinforced_concrete_pipe",
    matrix = vec.matrix(-0.9585155, 0.0009505219, 0.285039, 0, -0.01731832, 0.9979529, -0.0615651, 0, -0.2845141, -0.0639475, -0.9565368, 0, -957.8765, 60.55183, 1420.557, 1)
  },
  {
    name = "reinforced_concrete_pipe",
    matrix = vec.matrix(-0.9587179, 0.004894987, 0.2843168, 0, -0.01382275, 0.9978676, -0.06379035, 0, -0.2840228, -0.065087, -0.9566059, 0, -960.6172, 59.97742, 1411.011, 1)
  },
  {
    name = "reinforced_concrete_pipe",
    matrix = vec.matrix(-0.9588622, 0.001640306, 0.2838674, 0, -0.0162921, 0.9980171, -0.06079929, 0, -0.2834042, -0.06292294, -0.9569343, 0, -963.3126, 59.38319, 1401.53, 1)
  },
  {
    name = "reinforced_concrete_pipe",
    matrix = vec.matrix(-0.9597372, -0.0004754881, 0.2808992, 0, -0.01954652, 0.9976876, -0.06509501, 0, -0.2802187, -0.0679647, -0.9575272, 0, -966.3765, 58.80423, 1391.725, 1)
  },
  {
    name = "reinforced_concrete_pipe",
    matrix = vec.matrix(-0.9592763, 0.004599287, 0.2824323, 0, -0.01481089, 0.997673, -0.06655161, 0, -0.2820812, -0.06802446, -0.9569759, 0, -969.2527, 58.24864, 1381.514, 1)
  },
  {
    name = "reinforced_concrete_pipe",
    matrix = vec.matrix(-0.9575962, 0.0006860548, 0.288113, 0, -0.02075631, 0.9972345, -0.07136203, 0, -0.2873652, -0.07431618, -0.9549338, 0, -972.2957, 57.66167, 1371.695, 1)
  },
  {
    name = "reinforced_concrete_pipe",
    matrix = vec.matrix(-0.9125296, -0.0004872468, 0.4090104, 0, -0.003470061, 0.9999725, -0.00655069, 0, -0.408996, -0.00739699, -0.9125062, 0, -1047.319, 56.90313, 1078.25, 1)
  },
  {
    name = "reinforced_concrete_pipe",
    matrix = vec.matrix(-0.8969946, 0.002519615, 0.4420342, 0, -0.002635427, 0.9999355, -0.0110476, 0, -0.4420335, -0.01107458, -0.8969301, 0, -1051.704, 56.87817, 1068.962, 1)
  },
  {
    name = "reinforced_concrete_pipe",
    matrix = vec.matrix(-0.8418781, 0.001008581, 0.5396669, 0, -9.089767E-06, 0.9999983, -0.001883072, 0, -0.5396678, -0.001590223, -0.8418766, 0, -1056.305, 56.86526, 1060.088, 1)
  },
  {
    name = "reinforced_concrete_pipe",
    matrix = vec.matrix(-0.8262525, -0.001215358, 0.5632986, 0, -0.00231352, 0.9999965, -0.00123593, 0, -0.5632952, -0.002324393, -0.8262525, 0, -1061.536, 56.86517, 1051.735, 1)
  },
  {
    name = "reinforced_concrete_pipe",
    matrix = vec.matrix(-0.8415614, -0.0002516354, 0.5401615, 0, -0.0039486, 0.999976, -0.005686004, 0, -0.5401471, -0.006918003, -0.8415422, 0, -1067.076, 56.89242, 1043.512, 1)
  },
  {
    name = "reinforced_concrete_pipe",
    matrix = vec.matrix(-0.8430655, -0.0001812189, 0.5378108, 0, -0.003594748, 0.9999795, -0.005298132, 0, -0.5377988, -0.006399967, -0.8430489, 0, -1072.208, 56.86018, 1035.123, 1)
  }
}
